Data: 1,JF2SKAPCXNH437670,1871,24,13323.400,2.400,0.07,0.07,12.52,05/24/23,16:15:12,34.034416,-118.508102,10,248,3,184,12.7,296,315
Data: 1,JF2SKAPCXNH437670,2101,28,13323.400,2.400,0.07,0.07,12.49,05/24/23,16:15:13,34.034408,-118.508148,11,249,3,184,12.8,297,315
Buffer: 0,2508,2509,28083
Data: 1,JF2SKAPCXNH437670,1818,32,13323.400,2.400,0.07,0.07,12.48,05/24/23,16:15:14,34.034393,-118.508186,13,246,3,184,12.8,298,315
Data: 1,JF2SKAPCXNH437670,1678,36,13323.400,2.400,0.07,0.07,12.47,05/24/23,16:15:15,34.033336,-118.507965,15,242,4,180,2.1,299,315
Data: 1,JF2SKAPCXNH437670,1789,40,13323.400,2.400,0.07,0.07,12.46,05/24/23,16:15:16,34.032299,-118.507843,32,219,4,81,2.1,300,315
Data: 1,JF2SKAPCXNH437670,1860,44,13323.600,2.600,0.07,0.07,12.48,05/24/23,16:15:17,34.032234,-118.507843,36,213,4,86,2.1,301,315
Data: 1,JF2SKAPCXNH437670,1731,47,13323.600,2.600,0.07,0.07,14.24,05/24/23,16:15:18,34.032161,-118.507995,39,217,4,83,2.1,302,315
Data: 1,JF2SKAPCXNH437670,1835,51,13323.600,2.600,0.07,0.07,14.32,05/24/23,16:15:19,34.032073,-118.508064,45,214,4,76,6.0,303,315
Data: 1,JF2SKAPCXNH437670,1835,55,13323.600,2.600,0.07,0.07,13.79,05/24/23,16:15:20,34.031970,-118.508148,48,218,4,75,6.0,304,315
Data: 1,JF2SKAPCXNH437670,1746,58,13323.600,2.600,0.07,0.07,12.84,05/24/23,16:15:21,34.031883,-118.508239,52,217,4,74,2.1,305,315
Data: 1,JF2SKAPCXNH437670,1405,60,13323.600,2.600,0.07,0.07,12.74,05/24/23,16:15:22,34.031768,-118.508354,56,220,4,78,2.1,306,315
Data: 1,JF2SKAPCXNH437670,1126,60,13323.600,2.600,0.07,0.07,12.76,05/24/23,16:15:23,34.031646,-118.508483,60,221,4,73,2.1,307,315
Buffer: 0,2508,2509,28083
Data: 1,JF2SKAPCXNH437670,1179,60,13323.600,2.600,0.07,0.07,13.82,05/24/23,16:15:24,34.031551,-118.508598,62,221,4,70,2.1,308,315
Data: 1,JF2SKAPCXNH437670,1226,60,13323.600,2.600,0.08,0.08,12.96,05/24/23,16:15:25,34.031455,-118.508728,62,221,4,74,2.1,309,315
Data: 1,JF2SKAPCXNH437670,1288,61,13323.600,2.600,0.08,0.08,12.68,05/24/23,16:15:26,34.031349,-118.508850,61,221,4,73,2.1,310,315
Data: 1,JF2SKAPCXNH437670,1355,63,13323.600,2.600,0.08,0.08,12.60,05/24/23,16:15:27,34.031234,-118.508972,60,222,4,83,2.1,311,315
Data: 1,JF2SKAPCXNH437670,1281,63,13323.800,2.800,0.08,0.08,12.60,05/24/23,16:15:28,34.031105,-118.509117,60,222,4,74,2.1,312,315
Data: 1,JF2SKAPCXNH437670,1225,63,13323.800,2.800,0.08,0.08,12.58,05/24/23,16:15:29,34.030998,-118.509231,62,222,4,74,2.1,313,315
Data: 1,JF2SKAPCXNH437670,1185,63,13323.800,2.800,0.08,0.08,13.24,05/24/23,16:15:30,34.030857,-118.509330,64,222,4,79,2.1,314,315
Data: 1,JF2SKAPCXNH437670,1071,62,13323.800,2.800,0.08,0.08,12.92,05/24/23,16:15:31,34.030746,-118.509460,65,216,4,82,2.1,315,315
Data: 1,JF2SKAPCXNH437670,1182,62,13323.800,2.800,0.08,0.08,12.81,05/24/23,16:15:32,34.030643,-118.509597,64,221,4,85,2.1,316,315
Data: 1,JF2SKAPCXNH437670,1206,62,13323.800,2.800,0.08,0.08,12.89,05/24/23,16:15:33,34.030548,-118.509696,64,222,4,85,2.1,317,315
Data: 1,JF2SKAPCXNH437670,1227,61,13323.800,2.800,0.08,0.08,14.86,05/24/23,16:15:34,34.030433,-118.509857,62,223,4,78,2.1,318,315
Buffer: 0,2509,2510,28082
Data: 1,JF2SKAPCXNH437670,1154,60,13323.800,2.800,0.08,0.08,14.90,05/24/23,16:15:35,34.030311,-118.509994,61,224,4,80,2.1,319,315
Data: 1,JF2SKAPCXNH437670,1116,60,13323.800,2.800,0.08,0.08,13.46,05/24/23,16:15:36,34.030185,-118.510108,64,220,4,77,2.1,320,315
Data: 1,JF2SKAPCXNH437670,1192,60,13323.800,2.800,0.08,0.08,12.93,05/24/23,16:15:37,34.030059,-118.510215,60,221,4,71,2.1,321,315
Data: 1,JF2SKAPCXNH437670,1223,57,13323.900,2.900,0.08,0.08,13.25,05/24/23,16:15:38,34.029930,-118.510330,59,222,4,71,2.1,322,315
Data: 1,JF2SKAPCXNH437670,1239,54,13323.900,2.900,0.08,0.08,15.15,05/24/23,16:15:39,34.029830,-118.510437,59,222,4,69,2.1,323,315
Data: 1,JF2SKAPCXNH437670,1251,52,13323.900,2.900,0.08,0.08,15.12,05/24/23,16:15:40,34.029724,-118.510559,56,221,4,69,2.1,324,315
Data: 1,JF2SKAPCXNH437670,1263,51,13323.900,2.900,0.08,0.08,15.13,05/24/23,16:15:41,34.029621,-118.510665,53,221,4,69,2.1,325,315
Data: 1,JF2SKAPCXNH437670,1816,52,13323.900,2.900,0.08,0.08,13.19,05/24/23,16:15:42,34.029525,-118.510772,50,221,4,68,2.1,326,315
Data: 1,JF2SKAPCXNH437670,1636,56,13323.900,2.900,0.08,0.08,12.73,05/24/23,16:15:43,34.029430,-118.510879,50,221,4,68,2.1,327,315
Buffer: 0,2509,2510,28082
Data: 1,JF2SKAPCXNH437670,1527,59,13323.900,2.900,0.08,0.08,12.65,05/24/23,16:15:44,34.029338,-118.510986,52,223,4,68,2.1,328,315
Data: 1,JF2SKAPCXNH437670,1508,61,13323.900,2.900,0.08,0.08,12.61,05/24/23,16:15:45,34.029239,-118.511100,57,222,4,67,2.1,329,315
Data: 1,JF2SKAPCXNH437670,1260,63,13323.900,2.900,0.08,0.08,12.57,05/24/23,16:15:46,34.029129,-118.511222,61,221,4,67,2.1,330,315
Data: 1,JF2SKAPCXNH437670,1181,64,13324.100,3.100,0.08,0.08,12.54,05/24/23,16:15:47,34.029010,-118.511352,63,221,4,66,2.1,331,315
Data: 1,JF2SKAPCXNH437670,1136,64,13324.100,3.100,0.08,0.08,12.53,05/24/23,16:15:48,34.028888,-118.511482,65,222,4,66,2.1,332,315
Data: 1,JF2SKAPCXNH437670,1110,65,13324.100,3.100,0.08,0.08,12.49,05/24/23,16:15:49,34.028766,-118.511619,66,221,4,66,2.1,333,315
Data: 1,JF2SKAPCXNH437670,1179,65,13324.100,3.100,0.08,0.08,12.69,05/24/23,16:15:50,34.028644,-118.511756,66,222,4,65,2.1,334,315
Data: 1,JF2SKAPCXNH437670,1218,65,13324.100,3.100,0.08,0.08,14.67,05/24/23,16:15:51,34.028522,-118.511894,65,223,4,65,2.1,335,315
Data: 1,JF2SKAPCXNH437670,1233,64,13324.100,3.100,0.08,0.08,15.06,05/24/23,16:15:52,34.028408,-118.512031,65,224,4,64,2.1,336,315
Data: 1,JF2SKAPCXNH437670,1239,63,13324.100,3.100,0.08,0.08,15.12,05/24/23,16:15:53,34.028289,-118.512168,65,223,4,64,2.1,337,315
Buffer: 0,2509,2510,28082
Data: 1,JF2SKAPCXNH437670,1224,62,13324.100,3.100,0.08,0.08,14.71,05/24/23,16:15:54,34.028167,-118.512306,65,223,4,63,2.1,338,315
Data: 1,JF2SKAPCXNH437670,1130,62,13324.100,3.100,0.08,0.08,13.50,05/24/23,16:15:55,34.028053,-118.512435,62,223,4,63,2.1,339,315
Data: 1,JF2SKAPCXNH437670,1216,62,13324.100,3.100,0.08,0.08,13.33,05/24/23,16:15:56,34.027938,-118.512565,62,222,4,62,2.1,340,315
Data: 1,JF2SKAPCXNH437670,1248,61,13324.200,3.200,0.08,0.08,15.15,05/24/23,16:15:57,34.027824,-118.512695,62,223,4,62,2.1,341,315
Data: 1,JF2SKAPCXNH437670,1235,59,13324.200,3.200,0.08,0.08,15.12,05/24/23,16:15:58,34.027709,-118.512825,62,223,4,61,2.1,342,315
Data: 1,JF2SKAPCXNH437670,1233,56,13324.200,3.200,0.08,0.08,15.11,05/24/23,16:15:59,34.027603,-118.512954,61,222,4,61,2.1,343,315
Data: 1,JF2SKAPCXNH437670,1239,53,13324.200,3.200,0.08,0.08,15.12,05/24/23,16:16:00,34.027492,-118.513076,61,221,4,60,2.1,344,315
Data: 1,JF2SKAPCXNH437670,1239,51,13324.200,3.200,0.08,0.08,15.12,05/24/23,16:16:01,34.027381,-118.513191,61,219,4,60,2.1,345,315
Data: 1,JF2SKAPCXNH437670,1246,49,13324.200,3.200,0.09,0.09,15.11,05/24/23,16:16:02,34.027271,-118.513298,60,218,4,60,2.1,346,315
Data: 1,JF2SKAPCXNH437670,1253,47,13324.200,3.200,0.09,0.09,15.12,05/24/23,16:16:03,34.027164,-118.513389,51,213,4,59,2.1,347,315
Data: 1,JF2SKAPCXNH437670,1238,43,13324.200,3.200,0.09,0.09,15.12,05/24/23,16:16:04,34.027053,-118.513465,49,207,4,59,2.1,348,315
Buffer: 0,2509,2510,28082
Data: 1,JF2SKAPCXNH437670,1232,40,13324.200,3.200,0.09,0.09,15.12,05/24/23,16:16:05,34.026947,-118.513526,47,205,4,59,2.1,349,315
Data: 1,JF2SKAPCXNH437670,1219,36,13324.200,3.200,0.09,0.09,15.12,05/24/23,16:16:06,34.026832,-118.513572,45,198,4,58,2.1,350,315
Data: 1,JF2SKAPCXNH437670,1211,36,13324.200,3.200,0.09,0.09,15.12,05/24/23,16:16:07,34.026729,-118.513610,42,194,4,58,2.1,351,315
Data: 1,JF2SKAPCXNH437670,1209,29,13324.400,3.400,0.09,0.09,15.12,05/24/23,16:16:08,34.026618,-118.513618,41,186,4,57,2.1,352,315
Data: 1,JF2SKAPCXNH437670,1157,22,13324.400,3.400,0.09,0.09,15.13,05/24/23,16:16:09,34.026542,-118.513610,32,179,4,57,2.1,353,315
Data: 1,JF2SKAPCXNH437670,1062,14,13324.400,3.400,0.09,0.09,14.58,05/24/23,16:16:10,34.026477,-118.513595,25,174,4,57,2.1,354,315
Data: 1,JF2SKAPCXNH437670,802,7,13324.400,3.400,0.09,0.09,13.24,05/24/23,16:16:11,34.026428,-118.513587,17,169,4,57,2.1,355,315
Data: 1,JF2SKAPCXNH437670,750,2,13324.400,3.400,0.09,0.09,13.03,05/24/23,16:16:12,34.026405,-118.513572,8,165,4,56,2.1,356,315
Data: 1,JF2SKAPCXNH437670,786,1,13324.400,3.400,0.09,0.09,12.97,05/24/23,16:16:13,34.026397,-118.513565,0,165,4,56,2.1,357,315
Data: 1,JF2SKAPCXNH437670,844,2,13324.400,3.400,0.09,0.09,12.90,05/24/23,16:16:14,34.026397,-118.513557,0,165,4,55,2.1,358,315
Buffer: 0,2509,2510,28082
Data: 1,JF2SKAPCXNH437670,1432,6,13324.400,3.400,0.09,0.09,12.78,05/24/23,16:16:15,34.026401,-118.513549,0,165,4,55,2.1,359,315
Data: 1,JF2SKAPCXNH437670,972,9,13324.400,3.400,0.09,0.09,12.74,05/24/23,16:16:16,34.026393,-118.513549,0,165,4,55,2.1,360,315
Data: 1,JF2SKAPCXNH437670,789,5,13324.400,3.400,0.09,0.09,12.75,05/24/23,16:16:17,34.026390,-118.513542,0,165,4,54,2.1,361,315
Data: 1,JF2SKAPCXNH437670,778,2,13324.400,3.400,0.09,0.09,12.74,05/24/23,16:16:18,34.026374,-118.513534,0,165,4,54,2.1,362,315
Data: 1,JF2SKAPCXNH437670,793,1,13324.400,3.400,0.09,0.09,12.75,05/24/23,16:16:19,34.026371,-118.513534,0,165,4,54,2.1,363,315
Data: 1,JF2SKAPCXNH437670,777,1,13324.400,3.400,0.09,0.09,12.75,05/24/23,16:16:20,34.026367,-118.513534,0,165,4,53,2.1,364,315
Data: 1,JF2SKAPCXNH437670,778,2,13324.400,3.400,0.09,0.09,12.75,05/24/23,16:16:21,34.026363,-118.513526,0,165,4,53,2.1,365,315
Data: 1,JF2SKAPCXNH437670,862,2,13324.400,3.400,0.09,0.09,12.74,05/24/23,16:16:22,34.026351,-118.513519,0,165,4,52,2.1,366,315
Data: 1,JF2SKAPCXNH437670,1624,6,13324.400,3.400,0.09,0.09,12.65,05/24/23,16:16:23,34.026344,-118.513519,0,165,4,52,2.1,367,315
Buffer: 0,2509,2510,28082
Data: 1,JF2SKAPCXNH437670,1885,12,13324.400,3.400,0.09,0.09,12.50,05/24/23,16:16:24,34.026332,-118.513511,2,160,4,52,2.1,368,315
Data: 1,JF2SKAPCXNH437670,1620,18,13324.400,3.400,0.09,0.09,12.58,05/24/23,16:16:25,34.026313,-118.513504,3,157,4,51,2.1,369,315
Data: 1,JF2SKAPCXNH437670,1723,22,13324.400,3.400,0.09,0.09,14.01,05/24/23,16:16:26,34.026294,-118.513496,4,151,4,51,2.1,370,315
Data: 1,JF2SKAPCXNH437670,1746,26,13324.400,3.400,0.09,0.09,14.24,05/24/23,16:16:27,34.026268,-118.513473,9,142,4,51,2.1,371,315
Data: 1,JF2SKAPCXNH437670,1657,31,13324.400,3.400,0.09,0.09,14.31,05/24/23,16:16:28,34.026229,-118.513442,15,138,4,50,2.1,372,315
Data: 1,JF2SKAPCXNH437670,1618,35,13324.400,3.400,0.09,0.09,14.37,05/24/23,16:16:29,34.026149,-118.513397,23,142,4,50,2.1,373,315
Data: 1,JF2SKAPCXNH437670,1610,38,13324.400,3.400,0.09,0.09,12.98,05/24/23,16:16:30,34.026092,-118.513343,25,138,4,50,2.1,374,315
Data: 1,JF2SKAPCXNH437670,1251,42,13324.400,3.400,0.09,0.09,12.73,05/24/23,16:16:31,34.026027,-118.513259,33,130,4,49,2.1,375,315
Data: 1,JF2SKAPCXNH437670,1361,44,13324.400,3.400,0.09,0.09,12.64,05/24/23,16:16:32,34.025962,-118.513168,37,127,4,49,2.1,376,315
Data: 1,JF2SKAPCXNH437670,1246,45,13324.400,3.400,0.09,0.09,12.62,05/24/23,16:16:33,34.025901,-118.513069,41,127,4,49,2.1,377,315
Buffer: 0,2510,2511,28081
Data: 1,JF2SKAPCXNH437670,1220,45,13324.400,3.400,0.09,0.09,12.62,05/24/23,16:16:34,34.025833,-118.512954,44,125,4,48,2.1,378,315
Data: 1,JF2SKAPCXNH437670,1668,45,13324.400,3.400,0.09,0.09,12.80,05/24/23,16:16:35,34.025768,-118.512840,44,124,4,48,2.1,379,315
Data: 1,JF2SKAPCXNH437670,1440,48,13324.400,3.400,0.09,0.09,12.59,05/24/23,16:16:36,34.025699,-118.512725,45,124,4,48,2.1,380,315
Data: 1,JF2SKAPCXNH437670,1233,50,13324.400,3.400,0.09,0.09,12.48,05/24/23,16:16:37,34.025630,-118.512611,45,125,4,47,2.1,381,315
Data: 1,JF2SKAPCXNH437670,1161,50,13324.600,3.600,0.10,0.10,12.57,05/24/23,16:16:38,34.025558,-118.512489,48,124,4,47,2.1,382,315
Data: 1,JF2SKAPCXNH437670,1161,51,13324.600,3.600,0.10,0.10,12.55,05/24/23,16:16:39,34.025489,-118.512367,49,124,4,46,2.1,383,315
Data: 1,JF2SKAPCXNH437670,1293,53,13324.600,3.600,0.10,0.10,12.45,05/24/23,16:16:40,34.025413,-118.512237,50,125,4,46,2.1,384,315
Data: 1,JF2SKAPCXNH437670,1098,54,13324.600,3.600,0.10,0.10,12.47,05/24/23,16:16:41,34.025333,-118.512115,51,127,4,46,2.1,385,315
Data: 1,JF2SKAPCXNH437670,1070,55,13324.600,3.600,0.10,0.10,12.49,05/24/23,16:16:42,34.025253,-118.511993,52,125,4,46,2.1,386,315
Data: 1,JF2SKAPCXNH437670,1100,56,13324.600,3.600,0.10,0.10,12.47,05/24/23,16:16:43,34.025177,-118.511856,54,124,4,45,2.1,387,315
Data: 1,JF2SKAPCXNH437670,1199,55,13324.600,3.600,0.10,0.10,12.47,05/24/23,16:16:44,34.025100,-118.511718,54,124,4,45,2.1,388,315
Buffer: 0,2510,2511,28081
Data: 1,JF2SKAPCXNH437670,1223,55,13324.600,3.600,0.10,0.10,12.97,05/24/23,16:16:45,34.025024,-118.511581,55,124,4,45,2.1,389,315
Data: 1,JF2SKAPCXNH437670,1240,54,13324.600,3.600,0.10,0.10,14.99,05/24/23,16:16:46,34.024944,-118.511444,55,124,4,44,2.1,390,315
Data: 1,JF2SKAPCXNH437670,1239,53,13324.600,3.600,0.10,0.10,15.08,05/24/23,16:16:47,34.024868,-118.511306,55,123,4,44,2.1,391,315
Data: 1,JF2SKAPCXNH437670,1239,53,13324.600,3.600,0.10,0.10,15.13,05/24/23,16:16:48,34.024791,-118.511169,55,124,4,44,2.1,392,315
Data: 1,JF2SKAPCXNH437670,1246,53,13324.700,3.700,0.10,0.10,13.81,05/24/23,16:16:49,34.024711,-118.511032,54,123,4,44,2.1,393,315
Data: 1,JF2SKAPCXNH437670,1253,55,13324.700,3.700,0.10,0.10,12.89,05/24/23,16:16:50,34.024635,-118.510894,54,124,4,43,2.1,394,315
Data: 1,JF2SKAPCXNH437670,1256,55,13324.700,3.700,0.10,0.10,12.95,05/24/23,16:16:51,34.024559,-118.510757,54,124,4,43,2.1,395,315
Data: 1,JF2SKAPCXNH437670,1235,55,13324.700,3.700,0.10,0.10,13.05,05/24/23,16:16:52,34.024482,-118.510620,54,123,4,43,2.1,396,315
Data: 1,JF2SKAPCXNH437670,1231,54,13324.700,3.700,0.10,0.10,14.94,05/24/23,16:16:53,34.024406,-118.510482,56,124,4,42,2.1,397,315
Buffer: 0,2510,2511,28081
Data: 1,JF2SKAPCXNH437670,1140,54,13324.700,3.700,0.10,0.10,13.38,05/24/23,16:16:54,34.024326,-118.510345,55,124,4,42,2.1,398,315
Data: 1,JF2SKAPCXNH437670,1192,54,13324.700,3.700,0.10,0.10,13.23,05/24/23,16:16:55,34.024246,-118.510208,55,124,4,42,2.1,399,315
Data: 1,JF2SKAPCXNH437670,1230,54,13324.700,3.700,0.10,0.10,15.09,05/24/23,16:16:56,34.024169,-118.510078,54,124,4,42,2.1,400,315
Data: 1,JF2SKAPCXNH437670,1275,53,13324.700,3.700,0.10,0.10,14.33,05/24/23,16:16:57,34.024085,-118.509941,55,126,4,41,2.1,401,315
Data: 1,JF2SKAPCXNH437670,1097,53,13324.700,3.700,0.10,0.10,13.23,05/24/23,16:16:58,34.024009,-118.509803,54,124,4,41,2.1,402,315
Data: 1,JF2SKAPCXNH437670,1113,53,13324.900,3.900,0.10,0.10,12.94,05/24/23,16:16:59,34.023929,-118.509666,54,124,4,41,2.1,403,315
Data: 1,JF2SKAPCXNH437670,1207,54,13324.900,3.900,0.10,0.10,13.02,05/24/23,16:17:00,34.023853,-118.509529,53,124,4,41,2.1,404,315
Data: 1,JF2SKAPCXNH437670,1244,54,13324.900,3.900,0.10,0.10,14.82,05/24/23,16:17:01,34.023773,-118.509391,53,125,4,41,2.1,405,315
Data: 1,JF2SKAPCXNH437670,1239,53,13324.900,3.900,0.10,0.10,15.12,05/24/23,16:17:02,34.023693,-118.509262,53,127,4,41,2.1,406,315
Data: 1,JF2SKAPCXNH437670,1243,52,13324.900,3.900,0.10,0.10,15.13,05/24/23,16:17:03,34.023605,-118.509124,53,129,4,40,2.1,407,315
Buffer: 0,2510,2511,28081
Data: 1,JF2SKAPCXNH437670,1248,51,13324.900,3.900,0.10,0.10,15.13,05/24/23,16:17:04,34.023517,-118.509002,53,130,4,40,2.1,408,315
Data: 1,JF2SKAPCXNH437670,1252,50,13324.900,3.900,0.10,0.10,15.13,05/24/23,16:17:05,34.023429,-118.508888,53,131,4,40,2.1,409,315
Data: 1,JF2SKAPCXNH437670,1211,49,13324.900,3.900,0.10,0.10,15.13,05/24/23,16:17:06,34.023345,-118.508773,50,131,4,40,2.1,410,315
Data: 1,JF2SKAPCXNH437670,1149,49,13324.900,3.900,0.10,0.10,14.32,05/24/23,16:17:07,34.023258,-118.508659,49,133,4,39,2.1,411,315
Data: 1,JF2SKAPCXNH437670,1212,51,13324.900,3.900,0.10,0.10,13.03,05/24/23,16:17:08,34.023174,-118.508552,49,135,4,39,2.1,412,315
Data: 1,JF2SKAPCXNH437670,1134,52,13324.900,3.900,0.10,0.10,12.82,05/24/23,16:17:09,34.023086,-118.508453,49,134,4,39,2.1,413,315
Data: 1,JF2SKAPCXNH437670,1261,53,13324.900,3.900,0.10,0.10,12.74,05/24/23,16:17:10,34.022998,-118.508346,50,135,4,39,2.1,414,315
Data: 1,JF2SKAPCXNH437670,1233,52,13325.000,4.000,0.10,0.10,13.59,05/24/23,16:17:11,34.022899,-118.508239,53,138,4,38,2.1,415,315
Data: 1,JF2SKAPCXNH437670,1223,49,13325.000,4.000,0.10,0.10,14.37,05/24/23,16:17:12,34.022808,-118.508132,51,136,4,38,2.1,416,315
Data: 1,JF2SKAPCXNH437670,1216,46,13325.000,4.000,0.10,0.10,14.41,05/24/23,16:17:13,34.022712,-118.508018,51,136,4,38,2.1,417,315
Data: 1,JF2SKAPCXNH437670,1202,40,13325.000,4.000,0.10,0.10,14.42,05/24/23,16:17:14,34.022624,-118.507911,52,134,4,38,2.1,418,315
Buffer: 0,2510,2511,28081
Data: 1,JF2SKAPCXNH437670,1211,32,13325.000,4.000,0.11,0.11,14.43,05/24/23,16:17:15,34.022544,-118.507812,47,133,4,37,2.1,419,315
Data: 1,JF2SKAPCXNH437670,1219,24,13325.000,4.000,0.11,0.11,14.43,05/24/23,16:17:16,34.022476,-118.507713,41,133,4,37,2.1,420,315
Data: 1,JF2SKAPCXNH437670,884,17,13325.000,4.000,0.11,0.11,14.43,05/24/23,16:17:17,34.022415,-118.507637,34,132,4,37,2.1,421,315
Data: 1,JF2SKAPCXNH437670,988,11,13325.000,4.000,0.11,0.11,14.43,05/24/23,16:17:18,34.022373,-118.507575,25,133,4,37,2.1,422,315
Data: 1,JF2SKAPCXNH437670,703,5,13325.000,4.000,0.11,0.11,14.42,05/24/23,16:17:19,34.022342,-118.507530,17,133,4,37,2.1,423,315
Data: 1,JF2SKAPCXNH437670,671,2,13325.000,4.000,0.11,0.11,14.36,05/24/23,16:17:20,34.022319,-118.507499,13,133,4,36,2.1,424,315
Data: 1,JF2SKAPCXNH437670,767,1,13325.000,4.000,0.11,0.11,14.42,05/24/23,16:17:21,34.022312,-118.507484,7,129,4,36,2.1,425,315
Data: 1,JF2SKAPCXNH437670,765,2,13325.000,4.000,0.11,0.11,14.46,05/24/23,16:17:22,34.022308,-118.507476,3,120,4,36,2.1,426,315
Data: 1,JF2SKAPCXNH437670,765,4,13325.000,4.000,0.11,0.11,14.46,05/24/23,16:17:23,34.022312,-118.507476,0,120,4,35,2.1,427,315
Buffer: 0,2510,2511,28081
Data: 1,JF2SKAPCXNH437670,1376,8,13325.000,4.000,0.11,0.11,14.49,05/24/23,16:17:24,34.022308,-118.507476,0,120,4,35,2.1,428,315
Data: 1,JF2SKAPCXNH437670,1639,13,13325.000,4.000,0.11,0.11,14.45,05/24/23,16:17:25,34.022308,-118.507469,0,120,4,35,2.1,429,315
Data: 1,JF2SKAPCXNH437670,1651,18,13325.000,4.000,0.11,0.11,14.39,05/24/23,16:17:26,34.022293,-118.507461,6,117,5,34,1.7,430,315
Data: 1,JF2SKAPCXNH437670,1569,22,13325.000,4.000,0.11,0.11,14.40,05/24/23,16:17:27,34.022277,-118.507438,9,93,5,33,1.7,431,315
Data: 1,JF2SKAPCXNH437670,1803,27,13325.000,4.000,0.11,0.11,14.41,05/24/23,16:17:28,34.022281,-118.507408,14,64,5,33,3.7,432,315
Data: 1,JF2SKAPCXNH437670,2152,33,13325.000,4.000,0.11,0.11,13.18,05/24/23,16:17:29,34.022304,-118.507362,19,51,5,32,3.7,433,315
Data: 1,JF2SKAPCXNH437670,2288,39,13325.000,4.000,0.11,0.11,12.79,05/24/23,16:17:30,34.022342,-118.507316,24,46,5,32,3.7,434,315
Data: 1,JF2SKAPCXNH437670,2273,44,13325.000,4.000,0.11,0.11,12.70,05/24/23,16:17:31,34.022392,-118.507247,29,43,5,32,3.7,435,315
Data: 1,JF2SKAPCXNH437670,2487,48,13325.000,4.000,0.11,0.11,12.63,05/24/23,16:17:32,34.022457,-118.507179,35,43,5,32,1.7,436,315
Data: 1,JF2SKAPCXNH437670,1782,48,13325.000,4.000,0.11,0.11,12.59,05/24/23,16:17:33,34.022533,-118.507087,41,44,5,31,3.7,437,315
Buffer: 0,2511,2512,28080
Data: 1,JF2SKAPCXNH437670,1217,49,13325.200,4.200,0.11,0.11,12.58,05/24/23,16:17:34,34.022617,-118.506988,46,44,5,31,3.7,438,315
Data: 1,JF2SKAPCXNH437670,1609,50,13325.200,4.200,0.11,0.11,12.54,05/24/23,16:17:35,34.022705,-118.506874,49,45,5,31,3.7,439,315
Data: 1,JF2SKAPCXNH437670,1870,52,13325.200,4.200,0.11,0.11,12.52,05/24/23,16:17:36,34.022796,-118.506759,50,46,5,31,3.7,440,315
Data: 1,JF2SKAPCXNH437670,1817,55,13325.200,4.200,0.11,0.11,12.49,05/24/23,16:17:37,34.022895,-118.506645,51,45,5,32,3.7,441,315
Data: 1,JF2SKAPCXNH437670,1344,57,13325.200,4.200,0.11,0.11,12.49,05/24/23,16:17:38,34.022994,-118.506530,53,44,5,32,3.7,442,315
Data: 1,JF2SKAPCXNH437670,1183,54,13325.200,4.200,0.11,0.11,12.49,05/24/23,16:17:39,34.023094,-118.506408,57,46,5,32,3.7,443,315
Data: 1,JF2SKAPCXNH437670,1255,51,13325.200,4.200,0.11,0.11,13.27,05/24/23,16:17:40,34.023197,-118.506286,56,45,5,32,3.7,444,315
Data: 1,JF2SKAPCXNH437670,1631,50,13325.200,4.200,0.11,0.11,13.76,05/24/23,16:17:41,34.023296,-118.506164,57,44,5,33,1.7,445,315
Data: 1,JF2SKAPCXNH437670,2253,52,13325.200,4.200,0.11,0.11,12.61,05/24/23,16:17:42,34.023387,-118.506050,57,45,5,33,3.7,446,315
Data: 1,JF2SKAPCXNH437670,1439,55,13325.200,4.200,0.11,0.11,12.47,05/24/23,16:17:43,34.023479,-118.505943,50,45,5,33,1.7,447,315
Data: 1,JF2SKAPCXNH437670,1185,52,13325.200,4.200,0.11,0.11,12.56,05/24/23,16:17:44,34.023571,-118.505828,53,46,5,33,3.7,448,315
Buffer: 0,2511,2512,28080
Data: 1,JF2SKAPCXNH437670,1232,49,13325.400,4.400,0.11,0.11,12.84,05/24/23,16:17:45,34.023666,-118.505722,52,46,5,33,3.7,449,315
Data: 1,JF2SKAPCXNH437670,1234,46,13325.400,4.400,0.11,0.11,14.90,05/24/23,16:17:46,34.023757,-118.505607,51,45,5,33,3.7,450,315
Data: 1,JF2SKAPCXNH437670,1202,42,13325.400,4.400,0.11,0.11,15.13,05/24/23,16:17:47,34.023849,-118.505500,51,44,5,33,3.7,451,315
Data: 1,JF2SKAPCXNH437670,1252,35,13325.400,4.400,0.11,0.11,15.15,05/24/23,16:17:48,34.023933,-118.505401,46,45,5,33,3.7,452,315
Data: 1,JF2SKAPCXNH437670,1245,31,13325.400,4.400,0.11,0.11,15.14,05/24/23,16:17:49,34.024009,-118.505310,42,44,5,33,3.7,453,315
Data: 1,JF2SKAPCXNH437670,1246,27,13325.400,4.400,0.11,0.11,15.14,05/24/23,16:17:50,34.024078,-118.505226,38,46,5,33,1.7,454,315
Data: 1,JF2SKAPCXNH437670,1252,25,13325.400,4.400,0.11,0.11,15.14,05/24/23,16:17:51,34.024135,-118.505157,32,45,5,33,1.7,455,315
Data: 1,JF2SKAPCXNH437670,1218,22,13325.400,4.400,0.12,0.12,15.14,05/24/23,16:17:52,34.024185,-118.505096,28,45,5,33,3.7,456,315
Data: 1,JF2SKAPCXNH437670,1198,20,13325.400,4.400,0.12,0.12,15.14,05/24/23,16:17:53,34.024230,-118.505043,24,45,5,33,3.7,457,315
Buffer: 0,2511,2512,28080
Data: 1,JF2SKAPCXNH437670,1134,17,13325.400,4.400,0.12,0.12,15.14,05/24/23,16:17:54,34.024272,-118.504997,22,44,5,33,3.7,458,315
Data: 1,JF2SKAPCXNH437670,1221,16,13325.400,4.400,0.12,0.12,14.02,05/24/23,16:17:55,34.024311,-118.504959,19,44,5,33,3.7,459,315
Data: 1,JF2SKAPCXNH437670,1074,13,13325.400,4.400,0.12,0.12,13.17,05/24/23,16:17:56,34.024341,-118.504920,17,46,5,33,3.7,460,315
Data: 1,JF2SKAPCXNH437670,994,9,13325.400,4.400,0.12,0.12,12.96,05/24/23,16:17:57,34.024368,-118.504890,15,45,5,33,3.7,461,315
Data: 1,JF2SKAPCXNH437670,809,6,13325.400,4.400,0.12,0.12,12.85,05/24/23,16:17:58,34.024394,-118.504859,13,43,5,33,3.7,462,315
Data: 1,JF2SKAPCXNH437670,738,3,13325.400,4.400,0.12,0.12,12.75,05/24/23,16:17:59,34.024414,-118.504837,9,47,5,33,3.7,463,315
Data: 1,JF2SKAPCXNH437670,738,0,13325.400,4.400,0.12,0.12,12.73,05/24/23,16:18:00,34.024425,-118.504806,6,52,5,33,3.7,464,315
Data: 1,JF2SKAPCXNH437670,694,0,13325.400,4.400,0.12,0.12,12.71,05/24/23,16:18:01,34.024433,-118.504798,3,56,5,33,1.7,465,315
Data: 1,JF2SKAPCXNH437670,650,0,13325.400,4.400,0.12,0.12,12.70,05/24/23,16:18:02,34.024433,-118.504798,0,56,5,33,1.7,466,315
Data: 1,JF2SKAPCXNH437670,646,0,13325.400,4.400,0.12,0.12,12.69,05/24/23,16:18:03,34.024436,-118.504798,0,56,5,33,3.7,467,315
Buffer: 0,2512,2513,28079
Data: 1,JF2SKAPCXNH437670,639,0,13325.400,4.400,0.12,0.12,12.69,05/24/23,16:18:04,34.024436,-118.504798,0,56,5,33,1.7,468,315
Data: 1,JF2SKAPCXNH437670,639,0,13325.400,4.400,0.12,0.12,12.68,05/24/23,16:18:05,34.024433,-118.504806,0,56,5,34,1.7,469,315
Data: 1,JF2SKAPCXNH437670,630,0,13325.400,4.400,0.12,0.12,12.68,05/24/23,16:18:06,34.024433,-118.504806,0,56,5,34,1.7,470,315
Data: 1,JF2SKAPCXNH437670,632,0,13325.400,4.400,0.12,0.12,12.67,05/24/23,16:18:07,34.024433,-118.504806,0,56,5,34,1.7,471,315
Data: 1,JF2SKAPCXNH437670,639,0,13325.400,4.400,0.12,0.12,12.68,05/24/23,16:18:08,34.024433,-118.504806,0,56,5,34,3.7,472,315
Data: 1,JF2SKAPCXNH437670,628,0,13325.400,4.400,0.12,0.12,12.70,05/24/23,16:18:09,34.024433,-118.504806,0,56,5,34,3.7,473,315
Data: 1,JF2SKAPCXNH437670,636,0,13325.400,4.400,0.12,0.12,12.70,05/24/23,16:18:10,34.024433,-118.504806,0,56,5,34,1.7,474,315
Data: 1,JF2SKAPCXNH437670,637,0,13325.400,4.400,0.12,0.12,12.71,05/24/23,16:18:11,34.024433,-118.504806,0,56,5,34,3.7,475,315
Data: 1,JF2SKAPCXNH437670,641,0,13325.400,4.400,0.12,0.12,12.72,05/24/23,16:18:12,34.024433,-118.504806,0,56,5,34,3.7,476,315
Data: 1,JF2SKAPCXNH437670,642,0,13325.400,4.400,0.12,0.12,12.72,05/24/23,16:18:13,34.024433,-118.504806,0,56,5,34,3.7,477,315
Data: 1,JF2SKAPCXNH437670,640,0,13325.400,4.400,0.12,0.12,12.74,05/24/23,16:18:14,34.024433,-118.504806,0,56,5,34,3.7,478,315
Buffer: 0,2512,2513,28079
Data: 1,JF2SKAPCXNH437670,648,0,13325.400,4.400,0.12,0.12,12.74,05/24/23,16:18:15,34.024433,-118.504806,0,56,5,34,1.7,479,315
Data: 1,JF2SKAPCXNH437670,639,0,13325.400,4.400,0.12,0.12,12.71,05/24/23,16:18:16,34.024433,-118.504806,0,56,5,34,1.7,480,315
Data: 1,JF2SKAPCXNH437670,810,0,13325.400,4.400,0.12,0.12,12.74,05/24/23,16:18:17,34.024433,-118.504806,0,56,5,34,1.7,481,315
Data: 1,JF2SKAPCXNH437670,1474,3,13325.400,4.400,0.12,0.12,12.63,05/24/23,16:18:18,34.024429,-118.504806,0,56,5,34,1.7,482,315
Data: 1,JF2SKAPCXNH437670,1687,9,13325.400,4.400,0.12,0.12,12.49,05/24/23,16:18:19,34.024429,-118.504806,0,56,5,34,3.7,483,315
Data: 1,JF2SKAPCXNH437670,1970,14,13325.400,4.400,0.12,0.12,12.47,05/24/23,16:18:20,34.024433,-118.504806,3,56,5,34,1.7,484,315
Data: 1,JF2SKAPCXNH437670,2032,20,13325.400,4.400,0.12,0.12,12.43,05/24/23,16:18:21,34.024436,-118.504798,6,38,5,34,1.7,485,315
Data: 1,JF2SKAPCXNH437670,1857,26,13325.400,4.400,0.12,0.12,12.36,05/24/23,16:18:22,34.024456,-118.504776,13,48,5,34,1.7,486,315
Data: 1,JF2SKAPCXNH437670,1810,30,13325.400,4.400,0.12,0.12,12.40,05/24/23,16:18:23,34.024494,-118.504730,23,47,5,35,3.7,487,315
Data: 1,JF2SKAPCXNH437670,1666,34,13325.400,4.400,0.12,0.12,12.41,05/24/23,16:18:24,34.024539,-118.504661,29,46,5,35,3.7,488,315
Buffer: 0,2513,2514,28078
Data: 1,JF2SKAPCXNH437670,1563,37,13325.400,4.400,0.12,0.12,12.37,05/24/23,16:18:25,34.024600,-118.504592,34,44,5,35,3.7,489,315
Data: 1,JF2SKAPCXNH437670,1715,39,13325.500,4.500,0.12,0.12,12.36,05/24/23,16:18:26,34.024665,-118.504516,36,44,6,36,2.9,490,315
Data: 1,JF2SKAPCXNH437670,1430,42,13325.500,4.500,0.12,0.12,12.33,05/24/23,16:18:27,34.024730,-118.504432,39,44,6,36,2.9,491,315
Data: 1,JF2SKAPCXNH437670,1213,44,13325.500,4.500,0.12,0.12,12.39,05/24/23,16:18:28,34.024803,-118.504348,41,45,6,37,2.9,492,315
Data: 1,JF2SKAPCXNH437670,1237,45,13325.500,4.500,0.13,0.13,12.40,05/24/23,16:18:29,34.024879,-118.504257,43,45,6,38,2.9,493,315
Data: 1,JF2SKAPCXNH437670,1138,46,13325.500,4.500,0.13,0.13,12.37,05/24/23,16:18:30,34.024951,-118.504165,44,45,6,39,2.9,494,315
Data: 1,JF2SKAPCXNH437670,1059,46,13325.500,4.500,0.13,0.13,12.40,05/24/23,16:18:31,34.025028,-118.504066,45,46,6,39,2.9,495,315
Data: 1,JF2SKAPCXNH437670,1069,46,13325.500,4.500,0.13,0.13,12.43,05/24/23,16:18:32,34.025112,-118.503959,46,46,6,40,2.9,496,315
Data: 1,JF2SKAPCXNH437670,1135,46,13325.500,4.500,0.13,0.13,12.42,05/24/23,16:18:33,34.025192,-118.503860,46,44,6,40,2.9,497,315
Buffer: 0,2513,2514,28078
Data: 1,JF2SKAPCXNH437670,1190,46,13325.500,4.500,0.13,0.13,12.42,05/24/23,16:18:34,34.025276,-118.503768,45,45,6,40,2.9,498,315
Data: 1,JF2SKAPCXNH437670,1150,47,13325.500,4.500,0.13,0.13,12.42,05/24/23,16:18:35,34.025360,-118.503662,46,45,6,41,2.9,499,315
Data: 1,JF2SKAPCXNH437670,1188,46,13325.500,4.500,0.13,0.13,12.42,05/24/23,16:18:36,34.025440,-118.503562,46,46,6,41,2.9,500,315
Data: 1,JF2SKAPCXNH437670,1375,47,13325.500,4.500,0.13,0.13,12.41,05/24/23,16:18:37,34.025520,-118.503463,47,44,6,41,2.9,501,315
Data: 1,JF2SKAPCXNH437670,1133,48,13325.500,4.500,0.13,0.13,12.41,05/24/23,16:18:38,34.025604,-118.503356,46,44,6,41,2.9,502,315
Data: 1,JF2SKAPCXNH437670,1198,47,13325.700,4.700,0.13,0.13,12.58,05/24/23,16:18:39,34.025688,-118.503257,47,45,6,41,2.9,503,315
Data: 1,JF2SKAPCXNH437670,1212,45,13325.700,4.700,0.13,0.13,13.24,05/24/23,16:18:40,34.025768,-118.503150,48,45,6,41,2.9,504,315
Data: 1,JF2SKAPCXNH437670,1278,45,13325.700,4.700,0.13,0.13,12.58,05/24/23,16:18:41,34.025852,-118.503051,47,46,6,41,2.9,505,315
Data: 1,JF2SKAPCXNH437670,1460,46,13325.700,4.700,0.13,0.13,12.50,05/24/23,16:18:42,34.025928,-118.502944,45,47,6,42,2.9,506,315
Data: 1,JF2SKAPCXNH437670,1883,47,13325.700,4.700,0.13,0.13,12.36,05/24/23,16:18:43,34.026004,-118.502845,44,46,6,42,2.9,507,315
Buffer: 0,2513,2514,28078
Data: 1,JF2SKAPCXNH437670,1808,51,13325.700,4.700,0.13,0.13,12.34,05/24/23,16:18:44,34.026084,-118.502746,45,45,6,41,2.9,508,315
Data: 1,JF2SKAPCXNH437670,1808,53,13325.700,4.700,0.13,0.13,12.34,05/24/23,16:18:45,34.026165,-118.502639,47,45,6,42,2.9,509,315
Data: 1,JF2SKAPCXNH437670,1244,53,13325.700,4.700,0.13,0.13,12.37,05/24/23,16:18:46,34.026248,-118.502540,45,46,6,42,2.9,510,315
Data: 1,JF2SKAPCXNH437670,1180,52,13325.700,4.700,0.13,0.13,12.37,05/24/23,16:18:47,34.026340,-118.502426,53,45,6,42,2.9,511,315
Data: 1,JF2SKAPCXNH437670,1199,50,13325.700,4.700,0.13,0.13,12.57,05/24/23,16:18:48,34.026435,-118.502304,54,45,6,42,2.9,512,315
Data: 1,JF2SKAPCXNH437670,1227,48,13325.700,4.700,0.13,0.13,14.52,05/24/23,16:18:49,34.026527,-118.502182,53,48,6,42,2.9,513,315
Data: 1,JF2SKAPCXNH437670,1232,46,13325.700,4.700,0.13,0.13,15.06,05/24/23,16:18:50,34.026615,-118.502067,51,47,6,42,2.9,514,315
Data: 1,JF2SKAPCXNH437670,1244,46,13325.900,4.900,0.13,0.13,15.11,05/24/23,16:18:51,34.026695,-118.501953,49,47,6,43,2.9,515,315
Data: 1,JF2SKAPCXNH437670,1158,44,13325.900,4.900,0.13,0.13,14.87,05/24/23,16:18:52,34.026775,-118.501846,46,49,6,44,2.9,516,315
Data: 1,JF2SKAPCXNH437670,1339,44,13325.900,4.900,0.13,0.13,13.12,05/24/23,16:18:53,34.026851,-118.501747,44,47,6,45,2.9,517,315
Data: 1,JF2SKAPCXNH437670,1485,45,13325.900,4.900,0.13,0.13,12.86,05/24/23,16:18:54,34.026927,-118.501647,43,44,6,46,2.9,518,315
Buffer: 0,2513,2514,28078
Data: 1,JF2SKAPCXNH437670,1258,47,13325.900,4.900,0.13,0.13,12.73,05/24/23,16:18:55,34.027008,-118.501556,44,43,6,46,2.9,519,315
Data: 1,JF2SKAPCXNH437670,1204,48,13325.900,4.900,0.13,0.13,12.75,05/24/23,16:18:56,34.027088,-118.501457,45,45,6,46,2.9,520,315
Data: 1,JF2SKAPCXNH437670,1224,46,13325.900,4.900,0.13,0.13,12.89,05/24/23,16:18:57,34.027168,-118.501358,48,45,6,47,1.5,521,315
Data: 1,JF2SKAPCXNH437670,1231,44,13325.900,4.900,0.13,0.13,14.60,05/24/23,16:18:58,34.027248,-118.501251,46,47,6,48,1.5,522,315
Data: 1,JF2SKAPCXNH437670,1246,41,13325.900,4.900,0.13,0.13,15.12,05/24/23,16:18:59,34.027328,-118.501152,45,46,6,49,2.9,523,315
Data: 1,JF2SKAPCXNH437670,1229,39,13325.900,4.900,0.13,0.13,14.62,05/24/23,16:19:00,34.027404,-118.501052,43,46,6,50,1.5,524,315
Data: 1,JF2SKAPCXNH437670,1813,41,13325.900,4.900,0.13,0.13,12.98,05/24/23,16:19:01,34.027477,-118.500961,39,45,6,51,1.5,525,315
Data: 1,JF2SKAPCXNH437670,1836,44,13325.900,4.900,0.13,0.13,12.70,05/24/23,16:19:02,34.027545,-118.500877,39,46,6,51,2.9,526,315
Data: 1,JF2SKAPCXNH437670,1582,48,13325.900,4.900,0.13,0.13,12.63,05/24/23,16:19:03,34.027622,-118.500785,41,46,6,52,2.9,527,315
Buffer: 0,2513,2514,28078
Data: 1,JF2SKAPCXNH437670,1256,50,13326.000,5.000,0.13,0.13,12.59,05/24/23,16:19:04,34.027706,-118.500686,45,45,6,52,2.9,528,315
Data: 1,JF2SKAPCXNH437670,1183,51,13326.000,5.000,0.13,0.13,12.54,05/24/23,16:19:05,34.027793,-118.500587,50,45,6,53,2.9,529,315
Data: 1,JF2SKAPCXNH437670,1200,51,13326.000,5.000,0.14,0.14,12.51,05/24/23,16:19:06,34.027885,-118.500473,52,44,6,54,2.9,530,315
Data: 1,JF2SKAPCXNH437670,1205,50,13326.000,5.000,0.14,0.14,13.71,05/24/23,16:19:07,34.027976,-118.500358,53,45,6,55,2.9,531,315
Data: 1,JF2SKAPCXNH437670,1236,48,13326.000,5.000,0.14,0.14,15.03,05/24/23,16:19:08,34.028072,-118.500244,53,45,6,56,2.9,532,315
Data: 1,JF2SKAPCXNH437670,1237,46,13326.000,5.000,0.14,0.14,15.10,05/24/23,16:19:09,34.028160,-118.500129,50,46,6,57,2.9,533,315
Data: 1,JF2SKAPCXNH437670,1219,44,13326.000,5.000,0.14,0.14,14.26,05/24/23,16:19:10,34.028240,-118.500022,47,46,6,58,2.9,534,315
Data: 1,JF2SKAPCXNH437670,1150,44,13326.000,5.000,0.14,0.14,12.93,05/24/23,16:19:11,34.028320,-118.499923,46,47,6,59,2.9,535,315
Data: 1,JF2SKAPCXNH437670,1196,45,13326.000,5.000,0.14,0.14,12.81,05/24/23,16:19:12,34.028396,-118.499824,44,46,6,60,2.9,536,315
Data: 1,JF2SKAPCXNH437670,1128,45,13326.000,5.000,0.14,0.14,12.82,05/24/23,16:19:13,34.028469,-118.499725,43,46,6,60,2.9,537,315
Buffer: 0,2513,2514,28078
Data: 1,JF2SKAPCXNH437670,1142,45,13326.000,5.000,0.14,0.14,12.65,05/24/23,16:19:14,34.028545,-118.499633,45,45,6,61,2.9,538,315
Data: 1,JF2SKAPCXNH437670,1183,46,13326.000,5.000,0.14,0.14,12.66,05/24/23,16:19:15,34.028625,-118.499526,45,46,6,62,2.9,539,315
Data: 1,JF2SKAPCXNH437670,1213,45,13326.200,5.200,0.14,0.14,12.92,05/24/23,16:19:16,34.028701,-118.499427,46,46,6,63,2.9,540,315
Data: 1,JF2SKAPCXNH437670,1237,43,13326.200,5.200,0.14,0.14,14.97,05/24/23,16:19:17,34.028785,-118.499328,46,46,6,64,2.9,541,315
Data: 1,JF2SKAPCXNH437670,1236,42,13326.200,5.200,0.14,0.14,14.97,05/24/23,16:19:18,34.028865,-118.499229,45,44,6,64,2.9,542,315
Data: 1,JF2SKAPCXNH437670,1230,40,13326.200,5.200,0.14,0.14,15.13,05/24/23,16:19:19,34.028945,-118.499130,44,44,6,65,2.9,543,315
Data: 1,JF2SKAPCXNH437670,1241,38,13326.200,5.200,0.14,0.14,15.14,05/24/23,16:19:20,34.029018,-118.499046,42,45,6,65,2.9,544,315
Data: 1,JF2SKAPCXNH437670,1226,36,13326.200,5.200,0.14,0.14,15.14,05/24/23,16:19:21,34.029087,-118.498954,39,46,6,66,2.9,545,315
Data: 1,JF2SKAPCXNH437670,1141,34,13326.200,5.200,0.14,0.14,15.15,05/24/23,16:19:22,34.029151,-118.498870,37,47,6,66,2.9,546,315
Data: 1,JF2SKAPCXNH437670,1141,34,13326.200,5.200,0.14,0.14,14.14,05/24/23,16:19:23,34.029216,-118.498786,36,45,6,67,2.9,547,315
Data: 1,JF2SKAPCXNH437670,1157,34,13326.200,5.200,0.14,0.14,13.03,05/24/23,16:19:24,34.029277,-118.498710,34,45,6,67,2.9,548,315
Buffer: 0,2514,2515,28077
Data: 1,JF2SKAPCXNH437670,1242,31,13326.200,5.200,0.14,0.14,13.12,05/24/23,16:19:25,34.029338,-118.498634,34,46,6,69,2.9,549,315
Data: 1,JF2SKAPCXNH437670,1224,27,13326.200,5.200,0.14,0.14,14.40,05/24/23,16:19:26,34.029396,-118.498565,33,47,6,70,2.9,550,315
Data: 1,JF2SKAPCXNH437670,1220,24,13326.200,5.200,0.14,0.14,15.14,05/24/23,16:19:27,34.029453,-118.498489,31,47,6,71,2.9,551,315
Data: 1,JF2SKAPCXNH437670,1222,21,13326.200,5.200,0.14,0.14,15.13,05/24/23,16:19:28,34.029502,-118.498428,28,47,6,72,2.9,552,315
Data: 1,JF2SKAPCXNH437670,1191,18,13326.200,5.200,0.14,0.14,15.12,05/24/23,16:19:29,34.029548,-118.498367,25,48,6,73,2.9,553,315
Data: 1,JF2SKAPCXNH437670,1048,16,13326.200,5.200,0.14,0.14,14.87,05/24/23,16:19:30,34.029590,-118.498321,21,45,6,74,2.9,554,315
Data: 1,JF2SKAPCXNH437670,1214,15,13326.200,5.200,0.14,0.14,13.68,05/24/23,16:19:31,34.029624,-118.498275,18,46,6,75,2.9,555,315
Data: 1,JF2SKAPCXNH437670,1151,10,13326.200,5.200,0.14,0.14,13.37,05/24/23,16:19:32,34.029655,-118.498237,17,45,6,76,2.9,556,315
Data: 1,JF2SKAPCXNH437670,963,10,13326.200,5.200,0.14,0.14,13.27,05/24/23,16:19:33,34.029678,-118.498207,15,48,6,77,2.9,557,315
Buffer: 0,2514,2515,28077
Data: 1,JF2SKAPCXNH437670,794,6,13326.200,5.200,0.14,0.14,13.21,05/24/23,16:19:34,34.029701,-118.498176,11,49,6,77,2.9,558,315
Data: 1,JF2SKAPCXNH437670,1061,6,13326.200,5.200,0.14,0.14,13.16,05/24/23,16:19:35,34.029708,-118.498161,7,58,6,78,2.9,559,315
Data: 1,JF2SKAPCXNH437670,1703,8,13326.200,5.200,0.14,0.14,12.89,05/24/23,16:19:36,34.029716,-118.498138,6,60,6,78,2.9,560,315
Data: 1,JF2SKAPCXNH437670,1885,14,13326.200,5.200,0.14,0.14,12.71,05/24/23,16:19:37,34.029724,-118.498130,6,44,6,77,1.5,561,315
Data: 1,JF2SKAPCXNH437670,1799,19,13326.300,5.300,0.14,0.14,12.65,05/24/23,16:19:38,34.029739,-118.498115,10,41,6,77,1.5,562,315
Data: 1,JF2SKAPCXNH437670,1474,23,13326.300,5.300,0.14,0.14,12.60,05/24/23,16:19:39,34.029762,-118.498077,15,45,6,78,2.9,563,315
Data: 1,JF2SKAPCXNH437670,1259,26,13326.300,5.300,0.14,0.14,12.58,05/24/23,16:19:40,34.029792,-118.498031,19,47,6,79,2.9,564,315
Data: 1,JF2SKAPCXNH437670,1167,27,13326.300,5.300,0.14,0.14,12.55,05/24/23,16:19:41,34.029830,-118.497985,23,47,6,80,2.9,565,315
Data: 1,JF2SKAPCXNH437670,1446,30,13326.300,5.300,0.14,0.14,12.51,05/24/23,16:19:42,34.029872,-118.497932,25,48,6,80,2.9,566,315
Data: 1,JF2SKAPCXNH437670,1176,32,13326.300,5.300,0.15,0.15,12.51,05/24/23,16:19:43,34.029922,-118.497879,28,46,6,79,2.9,567,315
Buffer: 0,2514,2515,28077
Data: 1,JF2SKAPCXNH437670,1093,33,13326.300,5.300,0.15,0.15,12.50,05/24/23,16:19:44,34.029975,-118.497810,31,46,6,80,2.9,568,315
Data: 1,JF2SKAPCXNH437670,1116,34,13326.300,5.300,0.15,0.15,12.49,05/24/23,16:19:45,34.030033,-118.497741,33,45,6,80,2.9,569,315
Data: 1,JF2SKAPCXNH437670,1073,34,13326.300,5.300,0.15,0.15,12.47,05/24/23,16:19:46,34.030094,-118.497673,34,47,6,79,2.9,570,315
Data: 1,JF2SKAPCXNH437670,1125,34,13326.300,5.300,0.15,0.15,12.47,05/24/23,16:19:47,34.030151,-118.497596,34,47,6,80,2.9,571,315
Data: 1,JF2SKAPCXNH437670,1141,35,13326.300,5.300,0.15,0.15,12.46,05/24/23,16:19:48,34.030212,-118.497520,35,45,6,80,2.9,572,315
Data: 1,JF2SKAPCXNH437670,1208,35,13326.300,5.300,0.15,0.15,12.46,05/24/23,16:19:49,34.030277,-118.497436,35,46,6,80,2.9,573,315
Data: 1,JF2SKAPCXNH437670,1380,34,13326.300,5.300,0.15,0.15,12.49,05/24/23,16:19:50,34.030342,-118.497367,36,46,6,80,2.9,574,315
Data: 1,JF2SKAPCXNH437670,1292,36,13326.300,5.300,0.15,0.15,12.45,05/24/23,16:19:51,34.030403,-118.497291,35,46,6,80,2.9,575,315
Data: 1,JF2SKAPCXNH437670,1244,36,13326.300,5.300,0.15,0.15,12.43,05/24/23,16:19:52,34.030464,-118.497215,34,46,6,80,2.9,576,315
Data: 1,JF2SKAPCXNH437670,1089,35,13326.300,5.300,0.15,0.15,12.49,05/24/23,16:19:53,34.030525,-118.497138,36,46,6,80,2.9,577,315
Data: 1,JF2SKAPCXNH437670,1126,36,13326.300,5.300,0.15,0.15,12.50,05/24/23,16:19:54,34.030590,-118.497062,35,45,6,81,2.9,578,315
Buffer: 0,2514,2515,28077
Data: 1,JF2SKAPCXNH437670,1352,36,13326.300,5.300,0.15,0.15,12.44,05/24/23,16:19:55,34.030658,-118.496986,35,44,6,80,2.9,579,315
Data: 1,JF2SKAPCXNH437670,1341,38,13326.300,5.300,0.15,0.15,12.40,05/24/23,16:19:56,34.030723,-118.496910,35,44,6,80,2.9,580,315
Data: 1,JF2SKAPCXNH437670,1202,38,13326.500,5.500,0.15,0.15,12.34,05/24/23,16:19:57,34.030788,-118.496833,36,44,6,80,2.9,581,315
Data: 1,JF2SKAPCXNH437670,1223,35,13326.500,5.500,0.15,0.15,12.47,05/24/23,16:19:58,34.030857,-118.496749,38,45,6,81,2.9,582,315
Data: 1,JF2SKAPCXNH437670,1231,32,13326.500,5.500,0.15,0.15,12.96,05/24/23,16:19:59,34.030925,-118.496665,38,45,6,81,2.9,583,315
Data: 1,JF2SKAPCXNH437670,1187,30,13326.500,5.500,0.15,0.15,14.67,05/24/23,16:20:00,34.030990,-118.496589,35,44,6,81,2.9,584,315
Data: 1,JF2SKAPCXNH437670,1365,31,13326.500,5.500,0.15,0.15,13.42,05/24/23,16:20:01,34.031051,-118.496520,33,43,6,82,2.9,585,315
Data: 1,JF2SKAPCXNH437670,1254,32,13326.500,5.500,0.15,0.15,12.71,05/24/23,16:20:02,34.031105,-118.496459,31,44,6,83,2.9,586,315
Data: 1,JF2SKAPCXNH437670,1205,32,13326.500,5.500,0.15,0.15,12.75,05/24/23,16:20:03,34.031158,-118.496391,31,46,6,83,2.9,587,315
Buffer: 0,2514,2515,28077
Data: 1,JF2SKAPCXNH437670,1143,30,13326.500,5.500,0.15,0.15,12.80,05/24/23,16:20:04,34.031211,-118.496322,32,43,6,84,2.9,588,315
Data: 1,JF2SKAPCXNH437670,1218,31,13326.500,5.500,0.15,0.15,12.91,05/24/23,16:20:05,34.031272,-118.496253,32,43,6,84,2.9,589,315
Data: 1,JF2SKAPCXNH437670,1218,32,13326.500,5.500,0.15,0.15,12.57,05/24/23,16:20:06,34.031326,-118.496185,30,45,6,85,2.9,590,315
Data: 1,JF2SKAPCXNH437670,1176,32,13326.500,5.500,0.15,0.15,12.53,05/24/23,16:20:07,34.031375,-118.496124,30,46,6,86,2.9,591,315
Data: 1,JF2SKAPCXNH437670,1142,33,13326.500,5.500,0.15,0.15,12.53,05/24/23,16:20:08,34.031429,-118.496055,31,46,6,86,2.9,592,315
Data: 1,JF2SKAPCXNH437670,1380,35,13326.500,5.500,0.15,0.15,12.46,05/24/23,16:20:09,34.031486,-118.495986,32,46,6,85,2.9,593,315
Data: 1,JF2SKAPCXNH437670,1146,34,13326.500,5.500,0.15,0.15,12.45,05/24/23,16:20:10,34.031539,-118.495910,33,47,6,86,2.9,594,315
Data: 1,JF2SKAPCXNH437670,1223,33,13326.500,5.500,0.15,0.15,12.45,05/24/23,16:20:11,34.031600,-118.495834,35,45,6,86,2.9,595,315
Data: 1,JF2SKAPCXNH437670,1169,33,13326.500,5.500,0.15,0.15,12.41,05/24/23,16:20:12,34.031661,-118.495758,34,46,6,86,2.9,596,315
Data: 1,JF2SKAPCXNH437670,1176,32,13326.500,5.500,0.15,0.15,12.51,05/24/23,16:20:13,34.031723,-118.495681,33,45,6,87,2.9,597,315
Buffer: 0,2514,2515,28077
Data: 1,JF2SKAPCXNH437670,1172,32,13326.700,5.700,0.15,0.15,12.43,05/24/23,16:20:14,34.031780,-118.495605,34,46,6,88,2.9,598,315
Data: 1,JF2SKAPCXNH437670,1152,31,13326.700,5.700,0.15,0.15,12.49,05/24/23,16:20:15,34.031829,-118.495536,32,46,6,88,2.9,599,315
Data: 1,JF2SKAPCXNH437670,1184,31,13326.700,5.700,0.15,0.15,12.51,05/24/23,16:20:16,34.031890,-118.495468,32,44,6,89,2.9,600,315
Data: 1,JF2SKAPCXNH437670,1221,30,13326.700,5.700,0.15,0.15,12.48,05/24/23,16:20:17,34.031948,-118.495399,31,43,6,89,2.9,601,315
Data: 1,JF2SKAPCXNH437670,1351,29,13326.700,5.700,0.15,0.15,12.45,05/24/23,16:20:18,34.032001,-118.495330,30,44,6,90,2.9,602,315
Data: 1,JF2SKAPCXNH437670,1264,31,13326.700,5.700,0.15,0.15,12.58,05/24/23,16:20:19,34.032051,-118.495262,29,44,6,91,2.9,603,315
Data: 1,JF2SKAPCXNH437670,1200,30,13326.700,5.700,0.16,0.16,12.58,05/24/23,16:20:20,34.032104,-118.495201,29,45,6,91,2.9,604,315
Data: 1,JF2SKAPCXNH437670,1636,32,13326.700,5.700,0.16,0.16,12.41,05/24/23,16:20:21,34.032157,-118.495132,30,46,6,91,2.9,605,315
Data: 1,JF2SKAPCXNH437670,1866,36,13326.700,5.700,0.16,0.16,12.30,05/24/23,16:20:22,34.032211,-118.495063,30,46,6,92,2.9,606,315
Data: 1,JF2SKAPCXNH437670,1373,39,13326.700,5.700,0.16,0.16,12.32,05/24/23,16:20:23,34.032268,-118.494995,33,45,6,92,2.9,607,315
Data: 1,JF2SKAPCXNH437670,1201,39,13326.700,5.700,0.16,0.16,12.51,05/24/23,16:20:24,34.032329,-118.494918,38,44,6,92,2.9,608,315
Buffer: 0,2515,2516,28076
Data: 1,JF2SKAPCXNH437670,1186,37,13326.700,5.700,0.16,0.16,12.65,05/24/23,16:20:25,34.032398,-118.494834,39,42,6,93,2.9,609,315
Data: 1,JF2SKAPCXNH437670,1193,31,13326.700,5.700,0.16,0.16,13.19,05/24/23,16:20:26,34.032466,-118.494758,38,44,6,93,2.9,610,315
Data: 1,JF2SKAPCXNH437670,1211,25,13326.700,5.700,0.16,0.16,15.07,05/24/23,16:20:27,34.032531,-118.494682,34,45,6,93,2.9,611,315
Data: 1,JF2SKAPCXNH437670,1170,20,13326.700,5.700,0.16,0.16,15.16,05/24/23,16:20:28,34.032585,-118.494613,28,47,6,94,2.9,612,315
Data: 1,JF2SKAPCXNH437670,1182,16,13326.700,5.700,0.16,0.16,14.92,05/24/23,16:20:29,34.032627,-118.494560,25,45,6,94,2.9,613,315
Data: 1,JF2SKAPCXNH437670,1150,14,13326.700,5.700,0.16,0.16,13.66,05/24/23,16:20:30,34.032669,-118.494506,21,43,6,95,1.5,614,315
Data: 1,JF2SKAPCXNH437670,1179,12,13326.700,5.700,0.16,0.16,13.43,05/24/23,16:20:31,34.032699,-118.494468,18,42,6,95,1.5,615,315
Data: 1,JF2SKAPCXNH437670,1907,12,13326.700,5.700,0.16,0.16,13.20,05/24/23,16:20:32,34.032726,-118.494438,15,43,6,96,2.9,616,315
Data: 1,JF2SKAPCXNH437670,2093,16,13326.700,5.700,0.16,0.16,12.88,05/24/23,16:20:33,34.032741,-118.494407,12,45,6,96,2.9,617,315
Data: 1,JF2SKAPCXNH437670,2132,21,13326.700,5.700,0.16,0.16,12.70,05/24/23,16:20:34,34.032764,-118.494384,12,41,6,97,2.9,618,315
Buffer: 0,2515,2516,28076
Data: 1,JF2SKAPCXNH437670,1727,26,13326.800,5.800,0.16,0.16,12.56,05/24/23,16:20:35,34.032794,-118.494346,16,43,6,97,1.5,619,315
Data: 1,JF2SKAPCXNH437670,1694,28,13326.800,5.800,0.16,0.16,12.55,05/24/23,16:20:36,34.032833,-118.494316,18,38,6,97,2.9,620,315
Data: 1,JF2SKAPCXNH437670,1387,31,13326.800,5.800,0.16,0.16,12.49,05/24/23,16:20:37,34.032871,-118.494270,22,45,6,98,2.9,621,315
Data: 1,JF2SKAPCXNH437670,1057,32,13326.800,5.800,0.16,0.16,12.40,05/24/23,16:20:38,34.032913,-118.494209,27,46,6,98,2.9,622,315
Data: 1,JF2SKAPCXNH437670,1035,32,13326.800,5.800,0.16,0.16,12.40,05/24/23,16:20:39,34.032966,-118.494140,30,47,6,98,2.9,623,315
Data: 1,JF2SKAPCXNH437670,1180,31,13326.800,5.800,0.16,0.16,12.49,05/24/23,16:20:40,34.033020,-118.494071,32,46,6,98,2.9,624,315
Data: 1,JF2SKAPCXNH437670,1193,28,13326.800,5.800,0.16,0.16,13.70,05/24/23,16:20:41,34.033073,-118.494003,31,46,6,99,2.9,625,315
Data: 1,JF2SKAPCXNH437670,1270,27,13326.800,5.800,0.16,0.16,12.67,05/24/23,16:20:42,34.033126,-118.493934,31,45,6,99,1.5,626,315
Data: 1,JF2SKAPCXNH437670,1914,29,13326.800,5.800,0.16,0.16,12.47,05/24/23,16:20:43,34.033180,-118.493873,29,45,6,99,2.9,627,315
Buffer: 0,2515,2516,28076
Data: 1,JF2SKAPCXNH437670,1606,34,13326.800,5.800,0.16,0.16,12.40,05/24/23,16:20:44,34.033229,-118.493804,29,42,6,100,2.9,628,315
Data: 1,JF2SKAPCXNH437670,1363,36,13326.800,5.800,0.16,0.16,12.39,05/24/23,16:20:45,34.033287,-118.493751,29,41,6,101,2.9,629,315
Data: 1,JF2SKAPCXNH437670,1680,38,13326.800,5.800,0.16,0.16,12.36,05/24/23,16:20:46,34.033344,-118.493682,31,44,6,101,2.9,630,315
Data: 1,JF2SKAPCXNH437670,1220,38,13326.800,5.800,0.16,0.16,12.41,05/24/23,16:20:47,34.033397,-118.493606,34,45,6,101,2.9,631,315
Data: 1,JF2SKAPCXNH437670,1220,37,13326.800,5.800,0.16,0.16,12.51,05/24/23,16:20:48,34.033462,-118.493522,36,45,6,102,2.9,632,315
Data: 1,JF2SKAPCXNH437670,1218,35,13326.800,5.800,0.16,0.16,12.34,05/24/23,16:20:49,34.033527,-118.493438,37,45,6,102,2.9,633,315
Data: 1,JF2SKAPCXNH437670,1705,38,13326.800,5.800,0.16,0.16,12.29,05/24/23,16:20:50,34.033596,-118.493354,37,44,6,103,2.9,634,315
Data: 1,JF2SKAPCXNH437670,2093,43,13326.800,5.800,0.16,0.16,12.29,05/24/23,16:20:51,34.033664,-118.493270,37,43,6,103,2.9,635,315
Data: 1,JF2SKAPCXNH437670,1734,46,13326.800,5.800,0.16,0.16,12.32,05/24/23,16:20:52,34.033733,-118.493194,38,44,6,102,2.9,636,315
Data: 1,JF2SKAPCXNH437670,1296,46,13327.000,6.000,0.16,0.16,12.32,05/24/23,16:20:53,34.033802,-118.493103,42,46,6,102,2.9,637,315
Data: 1,JF2SKAPCXNH437670,1159,47,13327.000,6.000,0.16,0.16,12.32,05/24/23,16:20:54,34.033878,-118.493003,45,45,6,102,2.9,638,315
Buffer: 0,2515,2516,28076
Data: 1,JF2SKAPCXNH437670,1063,48,13327.000,6.000,0.16,0.16,12.34,05/24/23,16:20:55,34.033962,-118.492904,47,46,6,102,1.5,639,315
Data: 1,JF2SKAPCXNH437670,1208,47,13327.000,6.000,0.16,0.16,12.58,05/24/23,16:20:56,34.034042,-118.492797,47,46,6,102,2.9,640,315
Data: 1,JF2SKAPCXNH437670,1199,46,13327.000,6.000,0.17,0.17,12.73,05/24/23,16:20:57,34.034126,-118.492691,47,45,6,102,2.9,641,315
Data: 1,JF2SKAPCXNH437670,1183,44,13327.000,6.000,0.17,0.17,14.01,05/24/23,16:20:58,34.034210,-118.492591,46,45,6,102,2.9,642,315
Data: 1,JF2SKAPCXNH437670,1436,44,13327.000,6.000,0.17,0.17,13.09,05/24/23,16:20:59,34.034286,-118.492492,45,46,6,102,2.9,643,315
Data: 1,JF2SKAPCXNH437670,1748,46,13327.000,6.000,0.17,0.17,12.59,05/24/23,16:21:00,34.034366,-118.492393,44,44,6,103,2.9,644,315
Data: 1,JF2SKAPCXNH437670,1557,49,13327.000,6.000,0.17,0.17,12.47,05/24/23,16:21:01,34.034446,-118.492294,45,45,6,102,2.9,645,315
Data: 1,JF2SKAPCXNH437670,1299,51,13327.000,6.000,0.17,0.17,12.42,05/24/23,16:21:02,34.034526,-118.492195,47,46,6,103,2.9,646,315
Data: 1,JF2SKAPCXNH437670,1189,51,13327.000,6.000,0.17,0.17,12.41,05/24/23,16:21:03,34.034610,-118.492080,49,46,6,103,2.9,647,315
Data: 1,JF2SKAPCXNH437670,1208,50,13327.000,6.000,0.17,0.17,12.48,05/24/23,16:21:04,34.034698,-118.491973,51,46,6,103,2.9,648,315
Buffer: 0,2515,2516,28076
Data: 1,JF2SKAPCXNH437670,1183,49,13327.100,6.100,0.17,0.17,12.92,05/24/23,16:21:05,34.034786,-118.491859,51,46,6,103,2.9,649,315
Data: 1,JF2SKAPCXNH437670,1142,50,13327.100,6.100,0.17,0.17,12.48,05/24/23,16:21:06,34.034873,-118.491744,50,46,6,104,2.9,650,315
Data: 1,JF2SKAPCXNH437670,1210,49,13327.100,6.100,0.17,0.17,12.46,05/24/23,16:21:07,34.034961,-118.491630,51,45,6,104,2.9,651,315
Data: 1,JF2SKAPCXNH437670,1226,48,13327.100,6.100,0.17,0.17,12.69,05/24/23,16:21:08,34.035053,-118.491523,51,44,6,104,2.9,652,315
Data: 1,JF2SKAPCXNH437670,1212,46,13327.100,6.100,0.17,0.17,14.57,05/24/23,16:21:09,34.035140,-118.491424,51,44,6,104,2.9,653,315
Data: 1,JF2SKAPCXNH437670,1101,45,13327.100,6.100,0.17,0.17,14.31,05/24/23,16:21:10,34.035224,-118.491317,47,44,6,104,2.9,654,315
Data: 1,JF2SKAPCXNH437670,1724,45,13327.100,6.100,0.17,0.17,13.04,05/24/23,16:21:11,34.035305,-118.491218,46,45,6,104,2.9,655,315
Data: 1,JF2SKAPCXNH437670,1521,48,13327.100,6.100,0.17,0.17,12.66,05/24/23,16:21:12,34.035385,-118.491119,45,45,6,104,2.9,656,315
Data: 1,JF2SKAPCXNH437670,1246,49,13327.100,6.100,0.17,0.17,12.64,05/24/23,16:21:13,34.035461,-118.491020,45,46,6,104,2.9,657,315
Buffer: 0,2515,2516,28076
Data: 1,JF2SKAPCXNH437670,1204,49,13327.100,6.100,0.17,0.17,13.12,05/24/23,16:21:14,34.035541,-118.490921,47,46,6,105,2.9,658,315
Data: 1,JF2SKAPCXNH437670,1216,47,13327.100,6.100,0.17,0.17,14.68,05/24/23,16:21:15,34.035625,-118.490814,48,46,6,105,2.9,659,315
Data: 1,JF2SKAPCXNH437670,1119,46,13327.100,6.100,0.17,0.17,12.92,05/24/23,16:21:16,34.035709,-118.490707,48,46,6,105,2.9,660,315
Data: 1,JF2SKAPCXNH437670,1252,46,13327.300,6.300,0.17,0.17,12.95,05/24/23,16:21:17,34.035789,-118.490600,47,45,6,106,2.9,661,315
Data: 1,JF2SKAPCXNH437670,1205,44,13327.300,6.300,0.17,0.17,13.30,05/24/23,16:21:18,34.035873,-118.490501,47,45,6,105,2.9,662,315
Data: 1,JF2SKAPCXNH437670,1205,40,13327.300,6.300,0.17,0.17,15.11,05/24/23,16:21:19,34.035953,-118.490402,46,46,6,105,2.9,663,315
Data: 1,JF2SKAPCXNH437670,1231,35,13327.300,6.300,0.17,0.17,15.16,05/24/23,16:21:20,34.036029,-118.490303,44,48,6,106,2.9,664,315
Data: 1,JF2SKAPCXNH437670,1211,31,13327.300,6.300,0.17,0.17,15.16,05/24/23,16:21:21,34.036098,-118.490211,40,48,6,106,2.9,665,315
Data: 1,JF2SKAPCXNH437670,1193,25,13327.300,6.300,0.17,0.17,15.16,05/24/23,16:21:22,34.036167,-118.490127,37,45,6,106,2.9,666,315
Data: 1,JF2SKAPCXNH437670,1161,20,13327.300,6.300,0.17,0.17,15.16,05/24/23,16:21:23,34.036224,-118.490058,32,46,6,107,2.9,667,315
Data: 1,JF2SKAPCXNH437670,1158,15,13327.300,6.300,0.17,0.17,15.17,05/24/23,16:21:24,34.036273,-118.489990,28,45,6,107,1.5,668,315
Buffer: 0,2516,2517,28075
Data: 1,JF2SKAPCXNH437670,994,11,13327.300,6.300,0.17,0.17,14.20,05/24/23,16:21:25,34.036315,-118.489944,23,41,6,108,2.9,669,315
Data: 1,JF2SKAPCXNH437670,994,6,13327.300,6.300,0.17,0.17,13.63,05/24/23,16:21:26,34.036354,-118.489906,18,39,6,108,2.9,670,315
Data: 1,JF2SKAPCXNH437670,746,2,13327.300,6.300,0.17,0.17,13.49,05/24/23,16:21:27,34.036380,-118.489883,14,38,6,108,2.9,671,315
Data: 1,JF2SKAPCXNH437670,777,0,13327.300,6.300,0.17,0.17,13.43,05/24/23,16:21:28,34.036396,-118.489860,9,35,6,109,2.9,672,315
Data: 1,JF2SKAPCXNH437670,770,0,13327.300,6.300,0.17,0.17,13.40,05/24/23,16:21:29,34.036399,-118.489860,4,39,6,109,2.9,673,315
Data: 1,JF2SKAPCXNH437670,1139,4,13327.300,6.300,0.17,0.17,13.29,05/24/23,16:21:30,34.036407,-118.489852,0,39,6,109,1.5,674,315
Data: 1,JF2SKAPCXNH437670,1710,11,13327.300,6.300,0.17,0.17,12.98,05/24/23,16:21:31,34.036403,-118.489852,0,39,6,109,1.5,675,315
Data: 1,JF2SKAPCXNH437670,1724,17,13327.300,6.300,0.17,0.17,12.84,05/24/23,16:21:32,34.036407,-118.489852,0,39,6,108,1.5,676,315
Data: 1,JF2SKAPCXNH437670,1751,22,13327.300,6.300,0.17,0.17,12.74,05/24/23,16:21:33,34.036418,-118.489837,0,39,6,108,1.5,677,315
Data: 1,JF2SKAPCXNH437670,1598,22,13327.300,6.300,0.18,0.18,12.66,05/24/23,16:21:34,34.036434,-118.489822,13,43,6,108,1.5,678,315
Buffer: 0,2516,2517,28075
Data: 1,JF2SKAPCXNH437670,1475,25,13327.300,6.300,0.18,0.18,12.61,05/24/23,16:21:35,34.036464,-118.489784,19,41,6,107,2.9,679,315
Data: 1,JF2SKAPCXNH437670,1248,27,13327.300,6.300,0.18,0.18,12.57,05/24/23,16:21:36,34.036499,-118.489738,24,43,6,108,2.9,680,315
Data: 1,JF2SKAPCXNH437670,1347,29,13327.300,6.300,0.18,0.18,12.55,05/24/23,16:21:37,34.036544,-118.489685,26,45,6,108,2.9,681,315
Data: 1,JF2SKAPCXNH437670,1506,31,13327.300,6.300,0.18,0.18,12.50,05/24/23,16:21:38,34.036586,-118.489624,28,45,6,108,2.9,682,315
Data: 1,JF2SKAPCXNH437670,1460,35,13327.300,6.300,0.18,0.18,12.41,05/24/23,16:21:39,34.036636,-118.489562,30,44,6,109,2.9,683,315
Data: 1,JF2SKAPCXNH437670,1234,37,13327.300,6.300,0.18,0.18,12.46,05/24/23,16:21:40,34.036689,-118.489494,33,44,6,109,2.9,684,315
Data: 1,JF2SKAPCXNH437670,1694,39,13327.500,6.500,0.18,0.18,12.43,05/24/23,16:21:41,34.036754,-118.489418,36,45,6,109,2.9,685,315
Data: 1,JF2SKAPCXNH437670,1400,42,13327.500,6.500,0.18,0.18,12.40,05/24/23,16:21:42,34.036823,-118.489334,36,45,6,109,2.9,686,315
Data: 1,JF2SKAPCXNH437670,1151,43,13327.500,6.500,0.18,0.18,12.40,05/24/23,16:21:43,34.036891,-118.489250,39,44,6,109,2.9,687,315
Buffer: 0,2516,2517,28075
Data: 1,JF2SKAPCXNH437670,1195,43,13327.500,6.500,0.18,0.18,12.97,05/24/23,16:21:44,34.036968,-118.489166,42,44,6,110,2.9,688,315
Data: 1,JF2SKAPCXNH437670,1206,41,13327.500,6.500,0.18,0.18,12.55,05/24/23,16:21:45,34.037044,-118.489074,43,45,6,109,2.9,689,315
Data: 1,JF2SKAPCXNH437670,1325,41,13327.500,6.500,0.18,0.18,12.50,05/24/23,16:21:46,34.037124,-118.488983,43,44,6,109,2.9,690,315
Data: 1,JF2SKAPCXNH437670,1251,42,13327.500,6.500,0.18,0.18,12.60,05/24/23,16:21:47,34.037200,-118.488891,41,45,6,109,2.9,691,315
Data: 1,JF2SKAPCXNH437670,1220,41,13327.500,6.500,0.18,0.18,13.55,05/24/23,16:21:48,34.037273,-118.488800,41,46,6,109,2.9,692,315
Data: 1,JF2SKAPCXNH437670,1182,39,13327.500,6.500,0.18,0.18,14.36,05/24/23,16:21:49,34.037349,-118.488708,41,46,6,108,2.9,693,315
Data: 1,JF2SKAPCXNH437670,1168,38,13327.500,6.500,0.18,0.18,14.46,05/24/23,16:21:50,34.037418,-118.488616,40,46,6,108,2.9,694,315
Data: 1,JF2SKAPCXNH437670,1121,39,13327.500,6.500,0.18,0.18,14.47,05/24/23,16:21:51,34.037494,-118.488540,38,42,6,107,2.9,695,315
Data: 1,JF2SKAPCXNH437670,1215,39,13327.500,6.500,0.18,0.18,14.49,05/24/23,16:21:52,34.037570,-118.488464,38,40,6,106,2.9,696,315
Data: 1,JF2SKAPCXNH437670,1221,37,13327.500,6.500,0.18,0.18,14.86,05/24/23,16:21:53,34.037643,-118.488388,39,41,6,106,2.9,697,315
Buffer: 0,2516,2517,28075
Data: 1,JF2SKAPCXNH437670,1221,35,13327.500,6.500,0.18,0.18,14.44,05/24/23,16:21:54,34.037715,-118.488311,38,41,6,106,2.9,698,315
Data: 1,JF2SKAPCXNH437670,1202,31,13327.500,6.500,0.18,0.18,14.48,05/24/23,16:21:55,34.037788,-118.488235,37,42,6,106,2.9,699,315
Data: 1,JF2SKAPCXNH437670,1196,25,13327.500,6.500,0.18,0.18,14.48,05/24/23,16:21:56,34.037853,-118.488159,34,42,6,106,2.9,700,315
Data: 1,JF2SKAPCXNH437670,1191,19,13327.600,6.600,0.18,0.18,14.48,05/24/23,16:21:57,34.037914,-118.488105,30,38,6,105,2.9,701,315
Data: 1,JF2SKAPCXNH437670,1454,16,13327.600,6.600,0.18,0.18,14.48,05/24/23,16:21:58,34.037979,-118.488075,24,20,6,103,2.9,702,315
Data: 1,JF2SKAPCXNH437670,2317,17,13327.600,6.600,0.18,0.18,14.49,05/24/23,16:21:59,34.038032,-118.488067,19,2,6,102,2.9,703,315
Data: 1,JF2SKAPCXNH437670,2050,23,13327.600,6.600,0.18,0.18,14.43,05/24/23,16:22:00,34.038070,-118.488082,15,339,6,100,2.9,704,315
Data: 1,JF2SKAPCXNH437670,1796,28,13327.600,6.600,0.18,0.18,14.44,05/24/23,16:22:01,34.038108,-118.488113,17,324,6,99,2.9,705,315
Data: 1,JF2SKAPCXNH437670,1748,30,13327.600,6.600,0.18,0.18,14.39,05/24/23,16:22:02,34.038146,-118.488166,22,316,6,97,2.9,706,315
Data: 1,JF2SKAPCXNH437670,1900,34,13327.600,6.600,0.18,0.18,13.20,05/24/23,16:22:03,34.038196,-118.488227,27,314,6,95,2.9,707,315
Data: 1,JF2SKAPCXNH437670,1305,36,13327.600,6.600,0.18,0.18,12.94,05/24/23,16:22:04,34.038249,-118.488304,31,314,6,94,2.9,708,315
Buffer: 0,2516,2517,28075
Data: 1,JF2SKAPCXNH437670,1955,37,13327.600,6.600,0.18,0.18,12.85,05/24/23,16:22:05,34.038311,-118.488380,33,315,6,92,2.9,709,315
Data: 1,JF2SKAPCXNH437670,1277,40,13327.600,6.600,0.18,0.18,12.75,05/24/23,16:22:06,34.038372,-118.488456,35,315,6,92,2.9,710,315
Data: 1,JF2SKAPCXNH437670,1060,41,13327.600,6.600,0.18,0.18,12.69,05/24/23,16:22:07,34.038436,-118.488540,37,315,6,90,2.9,711,315
Data: 1,JF2SKAPCXNH437670,1289,41,13327.600,6.600,0.18,0.18,12.66,05/24/23,16:22:08,34.038501,-118.488632,39,313,6,90,2.9,712,315
Data: 1,JF2SKAPCXNH437670,1289,41,13327.600,6.600,0.18,0.18,12.58,05/24/23,16:22:09,34.038574,-118.488723,40,315,6,89,1.5,713,315
Data: 1,JF2SKAPCXNH437670,1146,40,13327.600,6.600,0.18,0.18,12.56,05/24/23,16:22:10,34.038646,-118.488815,40,316,6,88,2.9,714,315
Data: 1,JF2SKAPCXNH437670,1229,37,13327.600,6.600,0.19,0.19,12.71,05/24/23,16:22:11,34.038719,-118.488899,40,316,6,87,2.9,715,315
Data: 1,JF2SKAPCXNH437670,1223,34,13327.600,6.600,0.19,0.19,13.85,05/24/23,16:22:12,34.038791,-118.488983,39,316,6,86,2.9,716,315
Data: 1,JF2SKAPCXNH437670,1225,32,13327.600,6.600,0.19,0.19,15.01,05/24/23,16:22:13,34.038864,-118.489074,38,315,6,86,2.9,717,315
Buffer: 0,2516,2517,28075
Data: 1,JF2SKAPCXNH437670,1123,32,13327.600,6.600,0.19,0.19,13.87,05/24/23,16:22:14,34.038928,-118.489151,35,317,6,85,2.9,718,315
Data: 1,JF2SKAPCXNH437670,1181,33,13327.800,6.800,0.19,0.19,12.94,05/24/23,16:22:15,34.038993,-118.489227,32,318,6,84,2.9,719,315
Data: 1,JF2SKAPCXNH437670,1428,36,13327.800,6.800,0.19,0.19,12.79,05/24/23,16:22:16,34.039054,-118.489295,32,318,6,84,2.9,720,315
Data: 1,JF2SKAPCXNH437670,1699,38,13327.800,6.800,0.19,0.19,12.58,05/24/23,16:22:17,34.039108,-118.489364,32,317,6,84,2.9,721,315
Data: 1,JF2SKAPCXNH437670,1147,38,13327.800,6.800,0.19,0.19,12.56,05/24/23,16:22:18,34.039169,-118.489440,34,316,6,83,2.9,722,315
Data: 1,JF2SKAPCXNH437670,1395,39,13327.800,6.800,0.19,0.19,12.51,05/24/23,16:22:19,34.039234,-118.489524,37,313,6,83,2.9,723,315
Data: 1,JF2SKAPCXNH437670,1789,41,13327.800,6.800,0.19,0.19,12.50,05/24/23,16:22:20,34.039302,-118.489616,39,312,6,82,2.9,724,315
Data: 1,JF2SKAPCXNH437670,1144,43,13327.800,6.800,0.19,0.19,12.54,05/24/23,16:22:21,34.039371,-118.489707,40,313,6,82,2.9,725,315
Data: 1,JF2SKAPCXNH437670,1202,42,13327.800,6.800,0.19,0.19,12.98,05/24/23,16:22:22,34.039440,-118.489807,42,314,6,82,2.9,726,315
Data: 1,JF2SKAPCXNH437670,1161,40,13327.800,6.800,0.19,0.19,12.69,05/24/23,16:22:23,34.039520,-118.489898,43,315,6,82,2.9,727,315
Buffer: 0,2517,2518,28074
Data: 1,JF2SKAPCXNH437670,1169,40,13327.800,6.800,0.19,0.19,12.54,05/24/23,16:22:24,34.039596,-118.489990,42,315,6,81,2.9,728,315
Data: 1,JF2SKAPCXNH437670,1170,41,13327.800,6.800,0.19,0.19,12.49,05/24/23,16:22:25,34.039672,-118.490089,40,314,6,81,2.9,729,315
Data: 1,JF2SKAPCXNH437670,1143,41,13327.800,6.800,0.19,0.19,12.44,05/24/23,16:22:26,34.039745,-118.490173,41,316,6,81,2.9,730,315
Data: 1,JF2SKAPCXNH437670,1188,41,13327.800,6.800,0.19,0.19,12.44,05/24/23,16:22:27,34.039817,-118.490264,41,314,6,82,2.9,731,315
Data: 1,JF2SKAPCXNH437670,1319,42,13327.800,6.800,0.19,0.19,12.41,05/24/23,16:22:28,34.039894,-118.490356,42,316,6,81,2.9,732,315
Data: 1,JF2SKAPCXNH437670,1136,43,13327.900,6.900,0.19,0.19,12.40,05/24/23,16:22:29,34.039970,-118.490447,42,316,6,81,2.9,733,315
Data: 1,JF2SKAPCXNH437670,1192,42,13327.900,6.900,0.19,0.19,12.40,05/24/23,16:22:30,34.040046,-118.490531,43,315,6,81,2.9,734,315
Data: 1,JF2SKAPCXNH437670,1221,40,13327.900,6.900,0.19,0.19,12.87,05/24/23,16:22:31,34.040126,-118.490623,42,315,6,81,2.9,735,315
Data: 1,JF2SKAPCXNH437670,1148,39,13327.900,6.900,0.19,0.19,14.05,05/24/23,16:22:32,34.040203,-118.490715,41,316,6,81,2.9,736,315
Data: 1,JF2SKAPCXNH437670,1227,38,13327.900,6.900,0.19,0.19,12.80,05/24/23,16:22:33,34.040275,-118.490791,40,316,6,82,2.9,737,315
Data: 1,JF2SKAPCXNH437670,1226,36,13327.900,6.900,0.19,0.19,12.91,05/24/23,16:22:34,34.040348,-118.490875,38,315,6,82,2.9,738,315
Buffer: 0,2517,2518,28074
Data: 1,JF2SKAPCXNH437670,1230,33,13327.900,6.900,0.19,0.19,14.16,05/24/23,16:22:35,34.040412,-118.490959,36,314,6,82,2.9,739,315
Data: 1,JF2SKAPCXNH437670,1201,29,13327.900,6.900,0.19,0.19,15.14,05/24/23,16:22:36,34.040473,-118.491035,34,313,6,81,2.9,740,315
Data: 1,JF2SKAPCXNH437670,1131,21,13327.900,6.900,0.19,0.19,15.15,05/24/23,16:22:37,34.040534,-118.491104,32,316,6,81,2.9,741,315
Data: 1,JF2SKAPCXNH437670,1112,15,13327.900,6.900,0.19,0.19,15.03,05/24/23,16:22:38,34.040588,-118.491157,27,318,6,82,2.9,742,315
Data: 1,JF2SKAPCXNH437670,832,8,13327.900,6.900,0.19,0.19,13.82,05/24/23,16:22:39,34.040626,-118.491203,19,317,6,82,1.5,743,315
Data: 1,JF2SKAPCXNH437670,943,6,13327.900,6.900,0.19,0.19,13.42,05/24/23,16:22:40,34.040653,-118.491233,13,315,6,82,1.5,744,315
Data: 1,JF2SKAPCXNH437670,1752,8,13327.900,6.900,0.19,0.19,13.21,05/24/23,16:22:41,34.040664,-118.491256,7,310,6,82,1.5,745,315
Data: 1,JF2SKAPCXNH437670,1831,14,13327.900,6.900,0.19,0.19,12.90,05/24/23,16:22:42,34.040672,-118.491264,5,305,6,83,1.5,746,315
Data: 1,JF2SKAPCXNH437670,2118,20,13327.900,6.900,0.19,0.19,12.77,05/24/23,16:22:43,34.040679,-118.491279,7,309,6,83,1.5,747,315
Buffer: 0,2517,2518,28074
Data: 1,JF2SKAPCXNH437670,1989,26,13327.900,6.900,0.19,0.19,12.61,05/24/23,16:22:44,34.040699,-118.491302,13,313,6,83,1.5,748,315
Data: 1,JF2SKAPCXNH437670,1939,31,13327.900,6.900,0.19,0.19,12.55,05/24/23,16:22:45,34.040733,-118.491348,21,313,6,83,2.9,749,315
Data: 1,JF2SKAPCXNH437670,1605,34,13327.900,6.900,0.19,0.19,12.52,05/24/23,16:22:46,34.040775,-118.491401,28,312,6,83,2.9,750,315
Data: 1,JF2SKAPCXNH437670,1310,36,13327.900,6.900,0.20,0.20,12.50,05/24/23,16:22:47,34.040828,-118.491470,32,314,6,83,2.9,751,315
Data: 1,JF2SKAPCXNH437670,1236,38,13327.900,6.900,0.20,0.20,12.42,05/24/23,16:22:48,34.040889,-118.491539,35,315,6,83,2.9,752,315
Data: 1,JF2SKAPCXNH437670,1204,37,13327.900,6.900,0.20,0.20,12.51,05/24/23,16:22:49,34.040958,-118.491615,37,315,6,82,2.9,753,315
Data: 1,JF2SKAPCXNH437670,1207,36,13327.900,6.900,0.20,0.20,12.49,05/24/23,16:22:50,34.041027,-118.491699,38,316,6,82,1.5,754,315
Data: 1,JF2SKAPCXNH437670,1207,37,13328.100,7.100,0.20,0.20,12.41,05/24/23,16:22:51,34.041095,-118.491775,36,317,6,82,2.9,755,315
Data: 1,JF2SKAPCXNH437670,1389,38,13328.100,7.100,0.20,0.20,12.42,05/24/23,16:22:52,34.041168,-118.491851,37,315,6,82,1.5,756,315
Data: 1,JF2SKAPCXNH437670,1191,37,13328.100,7.100,0.20,0.20,12.68,05/24/23,16:22:53,34.041233,-118.491935,36,315,6,82,2.9,757,315
Buffer: 0,2517,2518,28074
Data: 1,JF2SKAPCXNH437670,1202,36,13328.100,7.100,0.20,0.20,12.68,05/24/23,16:22:54,34.041297,-118.492012,37,313,6,82,2.9,758,315
Data: 1,JF2SKAPCXNH437670,1139,37,13328.100,7.100,0.20,0.20,12.45,05/24/23,16:22:55,34.041362,-118.492095,37,314,6,82,2.9,759,315
Data: 1,JF2SKAPCXNH437670,1183,37,13328.100,7.100,0.20,0.20,12.44,05/24/23,16:22:56,34.041427,-118.492172,35,316,6,82,2.9,760,315
Data: 1,JF2SKAPCXNH437670,1152,37,13328.100,7.100,0.20,0.20,12.38,05/24/23,16:22:57,34.041492,-118.492256,36,314,6,82,2.9,761,315
Data: 1,JF2SKAPCXNH437670,1350,37,13328.100,7.100,0.20,0.20,12.39,05/24/23,16:22:58,34.041557,-118.492332,36,314,6,82,2.9,762,315
Data: 1,JF2SKAPCXNH437670,1177,37,13328.100,7.100,0.20,0.20,12.36,05/24/23,16:22:59,34.041622,-118.492408,36,316,6,83,2.9,763,315
Data: 1,JF2SKAPCXNH437670,1100,38,13328.100,7.100,0.20,0.20,12.36,05/24/23,16:23:00,34.041683,-118.492477,35,315,5,83,3.7,764,315
Data: 1,JF2SKAPCXNH437670,1187,37,13328.100,7.100,0.20,0.20,12.46,05/24/23,16:23:01,34.041751,-118.492561,36,315,6,83,2.9,765,315
Data: 1,JF2SKAPCXNH437670,1214,35,13328.100,7.100,0.20,0.20,12.91,05/24/23,16:23:02,34.041816,-118.492645,37,315,6,83,2.9,766,315
Data: 1,JF2SKAPCXNH437670,1217,33,13328.100,7.100,0.20,0.20,13.80,05/24/23,16:23:03,34.041881,-118.492721,36,315,6,83,2.9,767,315
Data: 1,JF2SKAPCXNH437670,1223,31,13328.100,7.100,0.20,0.20,14.45,05/24/23,16:23:04,34.041946,-118.492797,33,314,6,83,1.5,768,315
Buffer: 0,2517,2518,28074
Data: 1,JF2SKAPCXNH437670,1223,30,13328.100,7.100,0.20,0.20,13.28,05/24/23,16:23:05,34.041999,-118.492858,30,315,6,83,1.5,769,315
Data: 1,JF2SKAPCXNH437670,1120,28,13328.100,7.100,0.20,0.20,13.28,05/24/23,16:23:06,34.042053,-118.492927,29,314,6,84,2.9,770,315
Data: 1,JF2SKAPCXNH437670,1227,27,13328.300,7.300,0.20,0.20,13.17,05/24/23,16:23:07,34.042106,-118.492996,28,312,6,84,2.9,771,315
Data: 1,JF2SKAPCXNH437670,1143,24,13328.300,7.300,0.20,0.20,13.15,05/24/23,16:23:08,34.042156,-118.493049,27,315,6,84,2.9,772,315
Data: 1,JF2SKAPCXNH437670,1078,17,13328.300,7.300,0.20,0.20,14.29,05/24/23,16:23:09,34.042205,-118.493103,25,317,6,84,2.9,773,315
Data: 1,JF2SKAPCXNH437670,946,10,13328.300,7.300,0.20,0.20,14.35,05/24/23,16:23:10,34.042251,-118.493148,22,321,6,84,2.9,774,315
Data: 1,JF2SKAPCXNH437670,744,4,13328.300,7.300,0.20,0.20,13.40,05/24/23,16:23:11,34.042285,-118.493179,16,317,6,85,2.9,775,315
Data: 1,JF2SKAPCXNH437670,925,4,13328.300,7.300,0.20,0.20,13.28,05/24/23,16:23:12,34.042308,-118.493202,9,312,6,85,2.9,776,315
Data: 1,JF2SKAPCXNH437670,1703,7,13328.300,7.300,0.20,0.20,13.14,05/24/23,16:23:13,34.042316,-118.493217,4,293,6,85,2.9,777,315
Data: 1,JF2SKAPCXNH437670,1898,13,13328.300,7.300,0.20,0.20,12.82,05/24/23,16:23:14,34.042320,-118.493232,5,288,6,86,1.5,778,315
Buffer: 0,2517,2518,28074
Data: 1,JF2SKAPCXNH437670,1887,19,13328.300,7.300,0.20,0.20,12.70,05/24/23,16:23:15,34.042327,-118.493247,8,304,6,86,1.5,779,315
Data: 1,JF2SKAPCXNH437670,1722,23,13328.300,7.300,0.20,0.20,12.62,05/24/23,16:23:16,34.042346,-118.493270,14,311,6,86,2.9,780,315
Data: 1,JF2SKAPCXNH437670,1810,27,13328.300,7.300,0.20,0.20,12.56,05/24/23,16:23:17,34.042381,-118.493309,20,314,6,87,2.9,781,315
Data: 1,JF2SKAPCXNH437670,1860,31,13328.300,7.300,0.20,0.20,12.49,05/24/23,16:23:18,34.042419,-118.493362,25,312,6,87,2.9,782,315
Data: 1,JF2SKAPCXNH437670,1642,35,13328.300,7.300,0.20,0.20,12.40,05/24/23,16:23:19,34.042469,-118.493415,28,315,6,86,1.5,783,315
Data: 1,JF2SKAPCXNH437670,1375,38,13328.300,7.300,0.20,0.20,12.38,05/24/23,16:23:20,34.042518,-118.493476,29,313,6,86,2.9,784,315
Data: 1,JF2SKAPCXNH437670,1092,39,13328.300,7.300,0.20,0.20,12.33,05/24/23,16:23:21,34.042583,-118.493545,35,316,6,87,1.5,785,315
Data: 1,JF2SKAPCXNH437670,1101,39,13328.300,7.300,0.20,0.20,12.31,05/24/23,16:23:22,34.042652,-118.493621,37,315,6,87,1.5,786,315
Data: 1,JF2SKAPCXNH437670,1100,40,13328.300,7.300,0.20,0.20,12.36,05/24/23,16:23:23,34.042720,-118.493705,38,315,6,87,1.5,787,315
Buffer: 0,2518,2519,28073
Data: 1,JF2SKAPCXNH437670,1310,40,13328.300,7.300,0.21,0.21,12.33,05/24/23,16:23:24,34.042793,-118.493782,38,316,6,87,2.9,788,315
Data: 1,JF2SKAPCXNH437670,1179,41,13328.300,7.300,0.21,0.21,12.32,05/24/23,16:23:25,34.042861,-118.493865,39,316,6,87,2.9,789,315
Data: 1,JF2SKAPCXNH437670,1182,42,13328.300,7.300,0.21,0.21,12.38,05/24/23,16:23:26,34.042938,-118.493949,40,317,6,87,1.5,790,315
Data: 1,JF2SKAPCXNH437670,1194,41,13328.300,7.300,0.21,0.21,12.67,05/24/23,16:23:27,34.043014,-118.494033,41,315,6,88,2.9,791,315
Data: 1,JF2SKAPCXNH437670,1194,39,13328.400,7.400,0.21,0.21,12.77,05/24/23,16:23:28,34.043087,-118.494125,41,314,6,88,1.5,792,315
Data: 1,JF2SKAPCXNH437670,1156,40,13328.400,7.400,0.21,0.21,12.43,05/24/23,16:23:29,34.043163,-118.494209,40,314,6,88,1.5,793,315
Data: 1,JF2SKAPCXNH437670,1481,41,13328.400,7.400,0.21,0.21,12.43,05/24/23,16:23:30,34.043231,-118.494293,39,314,6,88,2.9,794,315
Data: 1,JF2SKAPCXNH437670,1078,42,13328.400,7.400,0.21,0.21,12.43,05/24/23,16:23:31,34.043300,-118.494384,39,313,6,88,1.5,795,315
Data: 1,JF2SKAPCXNH437670,1133,42,13328.400,7.400,0.21,0.21,12.38,05/24/23,16:23:32,34.043373,-118.494468,40,314,6,88,1.5,796,315
Data: 1,JF2SKAPCXNH437670,1214,42,13328.400,7.400,0.21,0.21,12.47,05/24/23,16:23:33,34.043449,-118.494560,42,315,6,88,1.5,797,315
Data: 1,JF2SKAPCXNH437670,1217,41,13328.400,7.400,0.21,0.21,12.69,05/24/23,16:23:34,34.043525,-118.494644,41,315,6,88,1.5,798,315
Buffer: 0,2518,2519,28073
Data: 1,JF2SKAPCXNH437670,1237,40,13328.400,7.400,0.21,0.21,13.65,05/24/23,16:23:35,34.043598,-118.494735,41,313,6,88,1.5,799,315
Data: 1,JF2SKAPCXNH437670,1156,39,13328.400,7.400,0.21,0.21,14.11,05/24/23,16:23:36,34.043674,-118.494819,40,315,6,88,1.5,800,315
Data: 1,JF2SKAPCXNH437670,1152,40,13328.400,7.400,0.21,0.21,13.10,05/24/23,16:23:37,34.043743,-118.494903,40,315,6,88,1.5,801,315
Data: 1,JF2SKAPCXNH437670,1254,41,13328.400,7.400,0.21,0.21,13.10,05/24/23,16:23:38,34.043811,-118.494987,39,314,6,88,1.5,802,315
Data: 1,JF2SKAPCXNH437670,1226,40,13328.400,7.400,0.21,0.21,13.60,05/24/23,16:23:39,34.043888,-118.495071,40,316,6,88,2.9,803,315
Data: 1,JF2SKAPCXNH437670,1235,38,13328.400,7.400,0.21,0.21,15.10,05/24/23,16:23:40,34.043960,-118.495155,40,315,6,89,2.9,804,315
Data: 1,JF2SKAPCXNH437670,1233,37,13328.400,7.400,0.21,0.21,14.99,05/24/23,16:23:41,34.044036,-118.495246,40,315,6,89,2.9,805,315
Data: 1,JF2SKAPCXNH437670,1216,33,13328.400,7.400,0.21,0.21,14.50,05/24/23,16:23:42,34.044105,-118.495323,38,316,6,89,2.9,806,315
Data: 1,JF2SKAPCXNH437670,1208,28,13328.600,7.600,0.21,0.21,14.51,05/24/23,16:23:43,34.044170,-118.495407,36,315,6,89,2.9,807,315
Data: 1,JF2SKAPCXNH437670,1206,23,13328.600,7.600,0.21,0.21,14.50,05/24/23,16:23:44,34.044235,-118.495468,33,319,6,89,2.9,808,315
Buffer: 0,2518,2519,28073
Data: 1,JF2SKAPCXNH437670,1047,17,13328.600,7.600,0.21,0.21,14.97,05/24/23,16:23:45,34.044292,-118.495521,26,322,6,89,1.5,809,315
Data: 1,JF2SKAPCXNH437670,1166,15,13328.600,7.600,0.21,0.21,14.42,05/24/23,16:23:46,34.044345,-118.495552,22,331,6,89,1.5,810,315
Data: 1,JF2SKAPCXNH437670,1505,14,13328.600,7.600,0.21,0.21,13.74,05/24/23,16:23:47,34.044384,-118.495567,14,351,6,89,1.5,811,315
Data: 1,JF2SKAPCXNH437670,1735,17,13328.600,7.600,0.21,0.21,13.13,05/24/23,16:23:48,34.044418,-118.495559,12,20,6,89,2.9,812,315
Data: 1,JF2SKAPCXNH437670,1285,20,13328.600,7.600,0.21,0.21,12.95,05/24/23,16:23:49,34.044445,-118.495536,13,33,6,89,1.5,813,315
Data: 1,JF2SKAPCXNH437670,1239,22,13328.600,7.600,0.21,0.21,12.88,05/24/23,16:23:50,34.044479,-118.495506,16,38,6,90,2.9,814,315
Data: 1,JF2SKAPCXNH437670,1299,25,13328.600,7.600,0.21,0.21,12.76,05/24/23,16:23:51,34.044517,-118.495468,18,42,6,90,2.9,815,315
Data: 1,JF2SKAPCXNH437670,1234,27,13328.600,7.600,0.21,0.21,13.86,05/24/23,16:23:52,34.044548,-118.495391,21,52,6,90,2.9,816,315
Data: 1,JF2SKAPCXNH437670,1165,25,13328.600,7.600,0.21,0.21,14.35,05/24/23,16:23:53,34.044582,-118.495323,26,58,6,90,2.9,817,315
Buffer: 0,2518,2519,28073
Data: 1,JF2SKAPCXNH437670,1132,19,13328.600,7.600,0.21,0.21,14.41,05/24/23,16:23:54,34.044616,-118.495246,27,60,6,90,2.9,818,315
Data: 1,JF2SKAPCXNH437670,1035,15,13328.600,7.600,0.21,0.21,14.20,05/24/23,16:23:55,34.044647,-118.495162,25,63,6,90,1.5,819,315
Data: 1,JF2SKAPCXNH437670,1008,13,13328.600,7.600,0.21,0.21,13.65,05/24/23,16:23:56,34.044670,-118.495101,20,70,6,90,1.5,820,315
Data: 1,JF2SKAPCXNH437670,1505,12,13328.600,7.600,0.21,0.21,13.11,05/24/23,16:23:57,34.044670,-118.495048,17,88,6,91,2.9,821,315
Data: 1,JF2SKAPCXNH437670,1120,12,13328.600,7.600,0.21,0.21,13.20,05/24/23,16:23:58,34.044670,-118.495010,14,93,6,91,1.5,822,315
Data: 1,JF2SKAPCXNH437670,850,8,13328.600,7.600,0.21,0.21,13.19,05/24/23,16:23:59,34.044658,-118.494972,12,105,6,91,1.5,823,315
Data: 1,JF2SKAPCXNH437670,696,4,13328.600,7.600,0.21,0.21,13.19,05/24/23,16:24:00,34.044643,-118.494941,11,121,6,92,1.5,824,315
Data: 1,JF2SKAPCXNH437670,783,0,13328.600,7.600,0.22,0.22,13.21,05/24/23,16:24:01,34.044631,-118.494926,9,121,6,92,1.5,825,315
Data: 1,JF2SKAPCXNH437670,767,0,13328.600,7.600,0.22,0.22,13.21,05/24/23,16:24:02,34.044628,-118.494903,6,120,6,92,2.9,826,315
Data: 1,JF2SKAPCXNH437670,1172,0,13328.600,7.600,0.22,0.22,13.25,05/24/23,16:24:03,34.044620,-118.494895,4,117,6,92,1.5,827,315
Buffer: 0,2518,2519,28073
Data: 1,JF2SKAPCXNH437670,979,2,13328.600,7.600,0.22,0.22,13.22,05/24/23,16:24:04,34.044620,-118.494895,0,117,6,93,1.5,828,315
Data: 1,JF2SKAPCXNH437670,979,2,13328.600,7.600,0.22,0.22,13.22,05/24/23,16:24:05,34.044620,-118.494903,0,117,6,93,1.5,829,315
Data: 1,JF2SKAPCXNH437670,1030,3,13328.600,7.600,0.22,0.22,13.26,05/24/23,16:24:06,34.044620,-118.494903,0,117,6,93,1.5,830,315
Data: 1,JF2SKAPCXNH437670,840,2,13328.600,7.600,0.22,0.22,13.25,05/24/23,16:24:07,34.044620,-118.494903,0,117,6,93,1.5,831,315
Data: 1,JF2SKAPCXNH437670,1328,4,13328.600,7.600,0.22,0.22,13.11,05/24/23,16:24:08,34.044620,-118.494895,0,117,6,93,1.5,832,315
Data: 1,JF2SKAPCXNH437670,808,3,13328.600,7.600,0.22,0.22,13.15,05/24/23,16:24:09,34.044616,-118.494895,0,117,6,93,1.5,833,315
Data: 1,JF2SKAPCXNH437670,816,3,13328.600,7.600,0.22,0.22,13.20,05/24/23,16:24:10,34.044620,-118.494888,0,117,6,93,1.5,834,315
Data: 1,JF2SKAPCXNH437670,813,2,13328.600,7.600,0.22,0.22,13.24,05/24/23,16:24:11,34.044620,-118.494880,0,117,6,93,1.5,835,315
Data: 1,JF2SKAPCXNH437670,813,1,13328.600,7.600,0.22,0.22,13.25,05/24/23,16:24:12,34.044624,-118.494873,0,117,6,93,1.5,836,315
Data: 1,JF2SKAPCXNH437670,801,1,13328.600,7.600,0.22,0.22,13.25,05/24/23,16:24:13,34.044628,-118.494865,0,117,6,93,1.5,837,315
Data: 1,JF2SKAPCXNH437670,817,1,13328.600,7.600,0.22,0.22,13.27,05/24/23,16:24:14,34.044628,-118.494857,0,117,6,94,1.5,838,315
Buffer: 0,2518,2519,28073
Data: 1,JF2SKAPCXNH437670,1203,1,13328.600,7.600,0.22,0.22,13.28,05/24/23,16:24:15,34.044631,-118.494857,0,117,6,94,1.5,839,315
Data: 1,JF2SKAPCXNH437670,779,3,13328.600,7.600,0.22,0.22,13.29,05/24/23,16:24:16,34.044635,-118.494857,0,117,6,94,2.9,840,315
Data: 1,JF2SKAPCXNH437670,805,4,13328.600,7.600,0.22,0.22,13.29,05/24/23,16:24:17,34.044639,-118.494857,1,117,6,94,1.5,841,315
Data: 1,JF2SKAPCXNH437670,799,3,13328.600,7.600,0.22,0.22,13.29,05/24/23,16:24:18,34.044639,-118.494850,2,117,6,94,1.5,842,315
Data: 1,JF2SKAPCXNH437670,803,3,13328.600,7.600,0.22,0.22,13.29,05/24/23,16:24:19,34.044643,-118.494850,2,117,6,94,1.5,843,315
Data: 1,JF2SKAPCXNH437670,797,2,13328.600,7.600,0.22,0.22,13.28,05/24/23,16:24:20,34.044651,-118.494842,2,117,6,94,1.5,844,315
Data: 1,JF2SKAPCXNH437670,787,2,13328.600,7.600,0.22,0.22,13.27,05/24/23,16:24:21,34.044654,-118.494834,2,117,6,94,1.5,845,315
Data: 1,JF2SKAPCXNH437670,794,0,13328.600,7.600,0.22,0.22,13.28,05/24/23,16:24:22,34.044658,-118.494834,1,117,6,94,1.5,846,315
Data: 1,JF2SKAPCXNH437670,788,0,13328.600,7.600,0.22,0.22,13.29,05/24/23,16:24:23,34.044662,-118.494834,1,117,6,94,2.9,847,315
Buffer: 0,2519,2520,28072
Data: 1,JF2SKAPCXNH437670,793,0,13328.600,7.600,0.22,0.22,13.30,05/24/23,16:24:24,34.044670,-118.494834,0,117,6,94,2.9,848,315
Data: 1,JF2SKAPCXNH437670,773,0,13328.600,7.600,0.22,0.22,13.29,05/24/23,16:24:25,34.044670,-118.494834,0,117,6,94,2.9,849,315
Data: 1,JF2SKAPCXNH437670,851,0,13328.600,7.600,0.22,0.22,13.31,05/24/23,16:24:26,34.044670,-118.494827,1,117,6,94,1.5,850,315
Data: 1,JF2SKAPCXNH437670,332,0,13328.600,7.600,0.22,0.22,13.09,05/24/23,16:24:27,34.044670,-118.494834,1,117,6,94,1.5,851,315
DEBUG: ENGINE STOP BLOCKED BY IGNITION 3 1057 (854097)
Data: 1,JF2SKAPCXNH437670,0,0,13328.600,7.600,0.22,0.22,13.03,05/24/23,16:24:28,34.044666,-118.494834,1,117,6,94,1.5,852,315
DEBUG: ENGINE STOP DETECTED 3 0 (854507) - 0 (855121)
Data: 1,JF2SKAPCXNH437670,0,0,13328.600,7.600,0.22,0.22,13.00,05/24/23,16:24:29,34.044666,-118.494834,1,117,6,94,1.5,853,315
Data: 1,JF2SKAPCXNH437670,0,0,13328.600,7.600,0.22,0.22,12.95,05/24/23,16:24:30,34.044666,-118.494834,1,117,6,95,1.5,854,315
Data: 1,JF2SKAPCXNH437670,0,0,13328.600,7.600,0.22,0.22,12.92,05/24/23,16:24:31,34.044662,-118.494842,0,117,6,95,1.5,855,315
Data: 1,JF2SKAPCXNH437670,0,0,13328.600,7.600,0.22,0.22,12.94,05/24/23,16:24:32,34.044662,-118.494842,0,117,6,95,1.5,856,315
Data: 1,JF2SKAPCXNH437670,0,0,13328.600,7.600,0.22,0.22,12.93,05/24/23,16:24:33,34.044662,-118.494850,0,117,5,95,1.7,857,315
Buffer: 0,2520,2521,28071
Data: 1,JF2SKAPCXNH437670,0,0,13328.600,7.600,0.22,0.22,12.92,05/24/23,16:24:34,34.044662,-118.494850,1,117,5,95,1.7,858,315
Data: 1,JF2SKAPCXNH437670,0,0,13328.600,7.600,0.22,0.22,12.92,05/24/23,16:24:35,34.044658,-118.494850,0,117,5,95,1.7,859,315
Data: 1,JF2SKAPCXNH437670,0,0,13328.600,7.600,0.22,0.22,12.91,05/24/23,16:24:36,34.044654,-118.494850,0,117,5,95,1.7,860,315
